# time in Gyr, position in kpc, velocity in km/s
#t x y z vx vy vz
0.00 -0.84 2.32 -1.44 -3.01 -1.77 -0.48
0.07 -1.21 2.49 -1.48 -5.05 3.51 -0.46
0.14 -1.49 2.72 -1.57 -6.47 5.82 -0.85
0.21 -2.07 3.26 -1.60 -3.97 7.55 0.10
0.29 -2.32 3.81 -1.61 -3.72 8.36 -0.24
0.36 -2.62 4.39 -1.57 -3.57 7.96 0.46
0.43 -2.99 5.01 -1.64 -5.56 10.05 -2.03
0.50 -3.34 5.69 -1.82 -4.59 8.72 -2.81
0.57 -3.63 6.15 -2.04 -4.36 7.10 -2.30
0.64 -3.96 6.67 -2.20 -5.83 6.06 -2.09
0.71 -4.49 7.25 -2.29 -6.74 9.46 -1.07
0.79 -4.97 8.08 -2.54 -6.17 11.73 -5.90
0.86 -5.37 8.90 -3.09 -7.06 9.27 -9.03
0.93 -6.04 9.66 -3.65 -8.22 10.07 -9.24
1.00 -6.64 10.33 -4.29 -5.53 8.85 -8.22
1.07 -7.04 10.97 -4.88 -5.22 10.36 -8.59
1.14 -7.55 11.96 -5.62 -7.09 16.41 -10.13
1.21 -8.11 13.17 -6.39 -8.74 16.93 -10.81
1.29 -8.74 14.41 -7.14 -8.54 18.73 -10.88
1.36 -9.31 15.76 -7.94 -9.87 19.13 -11.22
1.43 -9.96 17.09 -8.82 -8.78 14.93 -13.10
1.50 -10.72 18.33 -9.81 -10.62 20.58 -14.31
1.57 -11.41 19.75 -10.84 -11.36 22.25 -15.31
1.64 -12.30 21.50 -11.78 -13.87 25.57 -12.83
1.71 -13.23 23.35 -12.74 -12.96 27.19 -13.97
1.79 -14.27 25.33 -13.75 -14.11 27.25 -15.10
1.86 -15.34 27.26 -14.82 -16.78 29.07 -14.69
1.93 -16.63 29.34 -15.78 -22.30 30.35 -14.63
2.00 -18.19 31.75 -16.87 -21.34 33.25 -14.84
2.07 -19.74 34.21 -17.99 -22.78 37.41 -16.08
2.14 -21.33 37.04 -19.18 -19.91 39.56 -15.58
2.21 -22.78 39.89 -20.43 -21.68 40.47 -18.87
2.29 -24.37 42.85 -21.83 -23.74 40.59 -18.95
2.36 -26.10 45.86 -23.16 -24.23 45.08 -18.87
2.43 -27.69 49.09 -24.49 -22.45 44.62 -18.92
2.50 -29.32 52.27 -25.88 -23.58 48.38 -19.57
2.57 -31.03 55.91 -27.36 -25.30 52.43 -21.28
2.64 -32.84 59.66 -28.78 -26.79 52.27 -19.37
2.71 -34.83 63.57 -30.28 -27.74 54.79 -21.89
2.79 -36.91 67.76 -31.90 -29.03 59.14 -23.65
2.86 -39.05 72.14 -33.62 -31.01 64.63 -23.66
2.93 -41.22 76.89 -35.40 -29.63 67.86 -27.26
3.00 -43.31 81.92 -37.42 -28.45 73.51 -27.86
3.07 -45.43 87.39 -39.44 -31.10 79.67 -27.85
3.14 -47.74 93.16 -41.50 -33.67 83.49 -29.90
3.21 -50.11 99.24 -43.67 -35.86 85.33 -29.98
3.29 -52.92 105.55 -45.75 -39.60 92.68 -30.22
3.36 -55.73 112.45 -47.93 -42.05 100.05 -31.12
3.43 -58.75 119.98 -50.13 -42.30 111.08 -29.95
3.50 -61.73 128.30 -52.28 -40.94 120.77 -29.78
3.57 -64.77 137.33 -54.38 -43.46 132.73 -27.95
3.64 -67.91 147.38 -56.33 -44.82 149.24 -27.29
3.71 -70.98 158.77 -58.09 -44.74 171.37 -20.99
3.79 -74.08 171.75 -59.26 -43.80 192.80 -10.83
3.86 -77.09 186.70 -59.40 -35.84 227.76 10.44
3.93 -78.65 204.37 -57.23 -5.74 263.68 57.92
4.00 -76.84 223.06 -50.35 56.01 244.30 130.39
4.07 -71.40 238.33 -40.10 89.12 182.03 147.81
4.14 -64.99 249.22 -30.14 86.70 127.75 128.03
4.21 -59.08 256.90 -21.89 77.52 90.15 103.67
4.29 -53.87 262.41 -15.17 68.10 65.05 85.60
4.36 -49.17 266.28 -9.71 62.26 45.09 70.24
4.43 -44.65 268.76 -5.03 60.06 26.85 62.29
4.50 -40.43 270.03 -0.94 57.37 9.90 52.86
4.57 -36.39 270.16 2.72 54.08 -4.78 50.35
4.64 -32.52 269.32 6.12 52.08 -17.08 44.28
4.71 -28.94 267.76 9.08 50.85 -27.83 38.34
4.79 -25.41 265.36 11.66 50.30 -40.02 33.71
4.86 -21.88 262.04 13.98 49.45 -50.93 30.25
4.93 -18.54 258.13 16.06 45.36 -60.23 26.03
5.00 -15.49 253.48 17.78 43.13 -71.26 21.42
5.07 -12.64 248.04 19.06 37.45 -80.73 14.82
5.14 -9.85 242.07 19.89 36.86 -89.74 5.86
5.21 -7.42 235.46 19.92 30.37 -93.75 -5.55
5.29 -5.13 228.90 18.95 32.22 -91.73 -19.72
5.36 -2.72 222.33 17.41 36.52 -91.15 -22.73
5.43 -0.20 215.48 15.86 36.18 -99.41 -21.04
5.50 2.30 207.86 14.39 34.78 -112.48 -19.42
5.57 4.71 199.23 13.10 32.94 -128.56 -16.86
5.64 6.72 189.09 11.69 25.90 -151.77 -20.32
5.71 7.99 177.41 9.81 12.83 -176.92 -31.12
5.79 8.12 163.14 6.88 -10.98 -224.85 -49.70
5.86 4.23 144.63 1.57 -157.77 -235.86 -84.96
5.93 -4.42 135.22 -0.76 -75.72 -74.09 -4.64
6.00 -6.93 132.12 -0.12 -2.29 -26.40 19.21
6.07 -5.00 131.68 2.06 70.13 7.76 46.78
6.14 0.17 133.57 5.15 122.78 44.09 72.60
6.21 8.29 138.22 9.68 172.73 117.86 107.69
6.29 14.98 142.69 15.65 45.83 -38.88 40.71
6.36 18.39 140.22 18.28 46.65 -48.63 38.04
6.43 21.70 137.87 20.63 50.23 -31.99 31.31
6.50 25.67 136.26 23.61 50.75 -24.18 29.93
6.57 29.66 134.21 25.90 50.58 -29.20 22.87
6.64 33.24 132.19 27.66 49.33 -22.68 31.13
6.71 37.06 130.10 30.47 43.82 -27.37 33.75
6.79 40.24 127.69 32.74 44.15 -31.37 39.97
6.86 43.37 125.37 35.22 41.29 -32.20 28.85
6.93 46.30 122.78 37.15 41.79 -28.77 22.18
7.00 49.23 120.60 38.93 39.62 -24.29 19.50
7.07 52.32 118.99 40.54 40.77 -17.85 24.36
7.14 55.09 117.34 42.33 35.47 -17.83 17.95
7.21 57.07 116.93 42.62 37.86 -20.33 18.26
7.29 60.23 114.02 45.28 33.25 -24.13 19.14
7.36 62.80 112.01 47.00 31.08 -23.88 21.14
7.43 65.18 110.39 48.85 31.01 -23.15 26.11
7.50 67.56 108.66 50.73 28.93 -24.36 23.48
7.57 69.57 106.55 52.62 26.30 -26.76 21.99
7.64 70.72 106.26 53.14 27.99 -25.40 26.14
7.71 73.69 102.78 55.92 24.89 -23.19 23.26
7.79 75.41 101.34 57.17 25.45 -20.89 18.55
7.86 77.28 100.31 58.15 27.08 -17.51 16.94
7.93 78.99 100.63 58.61 30.19 -19.84 18.44
8.00 81.76 97.89 60.60 33.16 -17.94 21.59
8.07 84.29 96.98 62.21 35.99 -18.68 23.44
8.14 86.84 95.94 63.66 37.53 -20.33 24.79
8.21 89.54 94.63 65.72 38.45 -19.01 30.48
8.29 92.52 93.46 68.19 40.76 -18.49 36.24
8.36 95.28 91.88 70.63 39.55 -23.43 38.59
8.43 98.16 90.46 73.11 37.38 -23.18 35.71
8.50 100.56 88.88 75.19 34.70 -23.97 32.60
8.57 103.09 87.12 77.28 33.30 -25.20 26.86
8.64 105.57 85.33 79.25 32.82 -25.32 27.37
8.71 108.15 83.68 81.03 31.92 -25.19 21.74
8.79 110.24 81.52 82.71 27.57 -27.44 16.52
8.86 112.42 79.70 84.28 32.45 -26.73 19.93
8.93 114.70 77.83 85.69 32.74 -26.90 21.21
9.00 116.99 75.92 87.35 30.34 -26.07 20.33
9.07 119.04 74.07 88.73 28.49 -25.43 18.85
9.14 120.63 71.88 90.18 29.43 -27.45 17.86
9.21 123.13 70.40 91.48 29.97 -25.75 19.88
9.29 124.72 68.13 92.86 30.93 -25.93 20.62
9.36 127.40 66.90 94.38 28.39 -25.89 17.89
9.43 129.31 64.95 95.45 27.47 -28.21 20.28
9.50 131.40 63.39 97.38 26.05 -23.04 23.95
9.57 133.36 62.12 98.96 27.77 -18.34 26.87
9.64 135.25 60.76 100.82 30.13 -13.48 25.60
9.71 137.21 59.60 102.53 29.58 -14.02 23.77
9.79 139.65 58.54 104.52 32.70 -16.97 25.61
9.86 142.19 57.51 106.53 36.83 -16.37 26.48
9.93 144.67 56.43 108.32 37.18 -16.45 30.51
10.00 147.32 54.93 110.70 38.22 -18.70 31.76
10.07 149.67 53.39 112.76 36.19 -20.53 33.38
10.14 152.04 51.92 115.01 32.65 -18.57 35.53
10.21 154.34 50.64 117.48 32.22 -18.08 32.95
10.29 156.42 49.16 119.64 31.16 -19.26 31.45
10.36 158.91 47.36 122.06 31.26 -18.86 28.22
10.43 160.59 46.04 123.24 32.07 -20.16 22.44
10.50 162.75 44.41 124.89 29.44 -25.70 18.27
10.57 164.96 42.43 125.90 31.00 -29.92 15.99
10.64 167.05 40.47 127.25 30.39 -30.29 16.37
10.71 169.23 38.66 128.28 28.93 -29.28 16.76
10.79 171.18 36.77 129.62 26.05 -23.39 18.39
10.86 173.16 35.45 131.27 27.31 -20.58 19.81
10.93 175.18 33.96 133.05 30.46 -18.09 25.12
11.00 177.61 32.62 135.00 32.00 -19.37 28.65
11.07 179.86 31.31 137.28 31.55 -21.80 26.47
11.14 182.37 29.12 139.68 30.62 -22.86 28.16
11.21 184.15 27.89 140.98 31.04 -22.43 27.70
11.29 186.18 26.30 142.55 29.93 -18.50 27.79
11.36 188.46 24.79 144.64 29.47 -21.58 27.63
11.43 190.71 23.66 146.59 31.61 -18.66 26.49
