# time in Gyr, position in kpc, velocity in km/s
#t x y z vx vy vz
0.00 -476.25 491.47 -412.34 45.35 101.97 142.01
0.07 -472.87 498.93 -402.00 48.26 106.43 147.12
0.14 -469.14 506.71 -391.36 58.54 111.42 150.78
0.21 -464.70 514.90 -380.29 63.15 116.57 159.98
0.29 -459.91 523.43 -368.50 71.81 123.79 170.87
0.36 -454.39 532.50 -355.82 81.38 129.03 183.41
0.43 -448.05 541.93 -342.35 96.30 133.65 191.20
0.50 -440.86 551.49 -328.39 108.40 135.04 202.88
0.57 -432.25 561.19 -313.58 130.06 136.88 210.51
0.64 -422.08 570.93 -298.01 153.81 133.88 222.67
0.71 -410.38 580.36 -281.63 177.90 126.64 235.17
0.79 -396.72 588.94 -264.54 205.42 113.65 242.93
0.86 -380.92 596.29 -247.10 236.44 93.15 247.51
0.93 -362.85 601.85 -229.33 263.47 59.79 245.39
1.00 -343.43 605.14 -212.06 280.15 31.99 237.25
1.07 -323.19 606.37 -195.55 287.83 1.98 220.23
1.14 -302.70 605.49 -180.47 286.53 -25.18 203.89
1.21 -282.28 602.78 -166.45 281.36 -53.32 186.64
1.29 -262.55 598.36 -153.57 271.22 -68.64 175.58
1.36 -243.37 592.96 -141.40 262.76 -81.44 164.14
1.43 -224.83 586.57 -130.16 256.73 -96.41 150.26
1.50 -207.04 579.28 -119.84 244.57 -107.59 139.35
1.57 -189.87 571.29 -110.34 237.01 -115.50 129.90
1.64 -173.27 562.83 -101.36 227.47 -122.84 119.64
1.71 -157.46 553.83 -93.08 217.72 -131.01 112.47
1.79 -142.27 544.26 -85.36 207.53 -135.59 104.78
1.86 -127.76 534.40 -78.13 199.11 -141.79 98.48
1.93 -113.67 524.06 -71.42 190.71 -147.67 90.24
2.00 -100.29 513.27 -65.19 182.51 -155.04 84.02
2.07 -87.61 502.05 -59.36 171.11 -157.57 79.94
2.14 -75.63 490.77 -53.89 168.09 -157.24 73.44
2.21 -64.02 479.33 -48.97 156.68 -161.29 68.11
2.29 -52.96 467.57 -44.23 149.99 -165.40 63.30
2.36 -42.40 455.63 -39.84 144.12 -170.00 58.47
2.43 -32.35 443.40 -35.71 134.61 -170.64 56.18
2.50 -23.08 431.08 -31.85 124.22 -176.25 51.63
2.57 -14.40 418.43 -28.26 116.51 -179.03 47.25
2.64 -6.21 405.44 -24.99 111.40 -185.62 44.30
2.71 1.30 392.10 -22.05 102.78 -186.94 38.37
2.79 8.51 378.66 -19.50 97.65 -189.97 33.29
2.86 15.21 364.84 -17.15 88.89 -195.98 29.89
2.93 21.05 350.70 -15.15 76.82 -200.40 24.58
3.00 26.26 336.29 -13.48 68.80 -203.25 21.74
3.07 30.79 321.57 -11.95 58.16 -207.91 18.73
3.14 34.53 306.51 -10.74 47.56 -213.88 15.47
3.21 37.51 291.13 -9.90 36.68 -218.24 8.76
3.29 39.53 275.31 -9.47 20.79 -223.20 3.28
3.36 40.50 259.25 -9.31 4.76 -228.16 -0.94
3.43 40.18 242.84 -9.53 -13.31 -231.90 -7.08
3.50 38.60 226.04 -10.30 -32.27 -238.68 -14.09
3.57 35.60 208.77 -11.59 -54.40 -244.94 -20.58
3.64 30.90 191.16 -13.41 -80.01 -246.23 -32.22
3.71 23.98 173.64 -16.06 -113.72 -243.07 -44.04
3.79 14.47 156.62 -19.65 -152.03 -232.42 -56.80
3.86 2.43 140.73 -24.22 -188.08 -210.46 -71.71
3.93 -12.10 126.71 -29.65 -219.98 -178.97 -81.14
4.00 -28.74 115.70 -35.60 -246.20 -128.93 -86.10
4.07 -47.00 108.43 -41.57 -260.07 -70.29 -78.51
4.14 -65.25 105.84 -46.87 -250.78 -1.95 -66.73
4.21 -82.18 108.25 -50.97 -219.23 69.49 -47.16
4.29 -96.00 115.28 -53.68 -165.94 123.73 -29.20
4.36 -105.56 125.39 -55.01 -104.51 154.59 -10.46
4.43 -110.98 137.04 -55.07 -46.77 168.80 6.80
4.50 -112.59 149.10 -54.14 1.44 169.49 16.54
4.57 -111.06 161.07 -52.71 39.62 165.22 25.74
4.64 -106.94 172.64 -50.61 71.81 160.28 30.90
4.71 -100.72 183.76 -48.17 100.66 153.72 39.68
4.79 -92.70 194.39 -45.03 125.22 145.90 49.67
4.86 -82.75 204.45 -41.14 148.58 137.70 59.53
4.93 -71.54 213.94 -36.38 167.19 129.74 72.01
5.00 -59.16 223.01 -30.83 183.27 123.02 85.61
5.07 -45.23 231.59 -23.99 206.24 120.48 106.46
5.14 -29.89 240.09 -15.14 230.43 113.39 144.42
5.21 -12.61 247.32 -2.69 255.13 86.66 212.97
5.29 5.12 250.54 15.12 232.19 -5.58 276.94
5.36 19.69 247.16 34.43 179.48 -80.62 259.66
5.43 31.07 240.28 51.53 142.76 -112.58 221.14
5.50 40.40 231.67 65.88 118.50 -131.76 184.61
5.57 47.96 222.04 77.88 95.54 -142.64 157.51
5.64 54.17 211.76 87.94 78.36 -149.69 128.94
5.71 59.28 200.68 96.29 63.57 -157.81 104.67
5.79 63.48 189.45 103.01 50.90 -161.97 81.66
5.86 66.66 177.92 107.82 34.11 -167.30 57.93
5.93 68.39 165.89 110.98 20.31 -167.46 36.39
6.00 69.73 154.02 112.76 6.91 -168.60 11.52
6.07 70.00 142.36 112.94 -4.00 -166.22 -11.43
6.14 69.25 130.72 111.11 -18.67 -161.01 -36.69
6.21 67.62 119.33 107.54 -32.03 -155.41 -66.08
6.29 65.22 108.70 102.44 -47.09 -142.35 -98.49
6.36 61.15 99.19 93.99 -63.86 -125.65 -129.57
6.43 56.79 90.92 84.38 -76.58 -102.66 -162.44
6.50 50.97 84.54 71.79 -89.21 -71.77 -197.19
6.57 44.18 81.07 56.87 -101.91 -25.99 -228.15
6.64 37.10 81.28 40.17 -107.46 34.37 -254.21
6.71 29.89 86.19 22.76 -99.55 115.19 -253.42
6.79 23.72 96.33 6.44 -75.97 185.97 -217.63
6.86 19.82 110.30 -6.25 -39.77 224.27 -152.01
6.93 17.84 125.76 -15.05 -8.60 231.14 -90.08
7.00 18.60 140.70 -18.53 19.64 216.24 -37.38
7.07 20.13 154.75 -20.34 39.12 194.86 4.47
7.14 23.41 167.09 -18.96 55.06 171.77 36.74
7.21 27.48 178.05 -15.79 66.14 145.25 62.43
7.29 32.56 186.95 -10.60 77.18 119.37 86.18
7.36 37.89 194.38 -4.54 85.79 90.90 104.43
7.43 44.15 199.16 3.16 93.28 63.87 121.49
7.50 50.22 202.52 11.37 99.23 32.29 134.55
7.57 57.30 203.99 20.74 103.30 2.53 144.69
7.64 63.87 203.49 29.97 103.31 -29.92 153.57
7.71 71.20 199.01 40.88 102.74 -64.74 161.54
7.79 77.70 194.51 50.69 104.93 -101.47 162.87
7.86 84.54 186.65 61.22 102.35 -140.27 161.65
7.93 91.60 176.01 71.35 96.10 -186.01 156.78
8.00 97.47 163.14 81.31 89.78 -231.23 142.91
8.07 103.65 146.30 90.25 72.85 -283.61 115.41
8.14 107.28 126.73 96.00 45.56 -327.73 68.02
8.21 109.72 105.36 98.39 10.17 -352.54 -5.08
8.29 109.33 83.84 95.86 -35.67 -327.62 -88.42
8.36 106.11 64.13 88.33 -72.09 -262.55 -149.26
8.43 101.69 50.15 78.69 -84.20 -186.51 -178.16
8.50 96.61 40.20 67.70 -86.39 -114.47 -180.95
8.57 91.94 35.18 57.19 -79.94 -50.25 -171.11
8.64 87.60 32.62 47.39 -73.24 -2.95 -151.41
8.71 83.84 33.58 39.33 -56.16 38.89 -124.41
8.79 81.14 36.83 33.03 -39.67 71.58 -94.77
8.86 79.84 41.99 28.52 -22.17 95.87 -63.70
8.93 79.60 48.97 26.49 -0.24 116.36 -28.47
9.00 79.97 54.33 25.19 17.18 132.03 4.19
9.07 83.03 63.91 28.59 37.90 140.60 41.38
9.14 85.80 70.58 32.05 61.45 143.77 84.34
9.21 91.36 79.27 39.74 85.61 140.37 128.19
9.29 97.39 86.52 48.33 116.15 128.12 175.54
9.36 105.29 91.62 60.29 149.08 97.52 229.30
9.43 115.23 96.39 75.66 179.00 38.25 280.39
9.50 127.22 95.34 93.51 207.35 -55.28 308.26
9.57 139.99 88.55 111.57 203.93 -172.75 285.80
9.64 151.11 74.69 126.19 165.13 -245.45 204.74
9.71 159.89 59.46 136.38 118.72 -258.76 123.80
9.79 165.33 44.82 141.02 74.22 -240.58 57.40
9.86 169.15 30.92 143.42 42.53 -209.51 9.31
9.93 171.31 19.20 143.50 12.55 -175.91 -27.80
10.00 171.11 10.54 140.52 -9.02 -137.68 -60.06
10.07 170.49 3.97 136.73 -30.63 -97.35 -85.80
10.14 168.37 -0.30 131.55 -47.73 -52.66 -104.17
10.21 166.04 -3.12 126.05 -62.44 -1.82 -119.71
10.29 162.50 -0.47 119.47 -75.02 53.37 -124.29
10.36 158.98 3.32 113.72 -85.49 118.45 -124.11
10.43 155.18 11.28 108.21 -83.26 193.56 -103.55
10.50 152.00 23.64 104.70 -60.54 271.13 -50.97
10.57 150.87 38.61 105.22 -1.75 313.83 42.78
10.64 152.81 53.54 109.94 67.93 272.09 135.31
10.71 157.89 65.50 118.37 112.43 190.99 179.75
10.79 165.49 72.50 129.34 135.68 106.27 192.40
10.86 173.32 76.59 139.42 141.56 33.79 185.24
10.93 181.01 74.65 148.36 136.78 -26.36 168.21
11.00 188.13 71.51 155.77 131.08 -80.91 143.18
11.07 195.11 67.16 163.41 116.69 -126.08 112.52
11.14 200.69 59.11 168.30 96.24 -167.22 77.32
11.21 205.33 49.17 171.30 66.69 -199.10 33.88
11.29 207.51 38.74 171.46 31.96 -223.02 -14.46
11.36 209.03 27.82 169.88 -9.37 -234.76 -75.30
11.43 208.06 15.53 165.72 -67.04 -218.54 -143.96
