# time: Gyr
# x,y,z: kpc
# vx,vy,vz: km/s
# t x y z vx vy vz
  0.0000	-98.5260	-120.0024	-127.7632	-28.3853	173.7620	 93.4463
  0.0100	-98.8126	-118.2224	-126.8036	-27.6986	174.5909	 94.3352
  0.0200	-99.0920	-116.4338	-125.8349	-26.9962	175.4237	 95.2351
  0.0300	-99.3643	-114.6367	-124.8570	-26.2777	176.2604	 96.1460
  0.0400	-99.6291	-112.8310	-123.8696	-25.5425	177.1008	 97.0683
  0.0500	-99.8863	-111.0167	-122.8728	-24.7901	177.9449	 98.0022
  0.0600	-100.1357	-109.1938	-121.8664	-24.0202	178.7926	 98.9478
  0.0700	-100.3772	-107.3622	-120.8503	-23.2321	179.6437	 99.9053
  0.0800	-100.6105	-105.5219	-119.8243	-22.4254	180.4982	100.8751
  0.0900	-100.8354	-103.6728	-118.7883	-21.5994	181.3559	101.8572
  0.1000	-101.0519	-101.8149	-117.7423	-20.7537	182.2167	102.8519
  0.1100	-101.2595	-99.9483	-116.6860	-19.8876	183.0804	103.8594
  0.1200	-101.4583	-98.0728	-115.6193	-19.0006	183.9469	104.8800
  0.1300	-101.6478	-96.1884	-114.5421	-18.0919	184.8160	105.9139
  0.1400	-101.8279	-94.2951	-113.4544	-17.1610	185.6875	106.9613
  0.1500	-101.9985	-92.3929	-112.3558	-16.2072	186.5611	108.0224
  0.1600	-102.1591	-90.4818	-111.2463	-15.2297	187.4367	109.0975
  0.1700	-102.3096	-88.5617	-110.1258	-14.2279	188.3139	110.1868
  0.1800	-102.4498	-86.6326	-108.9940	-13.2009	189.1926	111.2905
  0.1900	-102.5793	-84.6946	-107.8509	-12.1481	190.0724	112.4090
  0.2000	-102.6980	-82.7476	-106.6963	-11.0686	190.9529	113.5423
  0.2100	-102.8054	-80.7915	-105.5300	 -9.9616	191.8339	114.6907
  0.2200	-102.9014	-78.8265	-104.3519	 -8.8262	192.7149	115.8545
  0.2300	-102.9857	-76.8524	-103.1619	 -7.6615	193.5956	117.0339
  0.2400	-103.0579	-74.8694	-101.9597	 -6.4666	194.4754	118.2290
  0.2500	-103.1177	-72.8774	-100.7452	 -5.2406	195.3540	119.4402
  0.2600	-103.1648	-70.8764	-99.5183	 -3.9825	196.2307	120.6677
  0.2700	-103.1989	-68.8664	-98.2787	 -2.6912	197.1052	121.9115
  0.2800	-103.2197	-66.8475	-97.0263	 -1.3657	197.9766	123.1720
  0.2900	-103.2267	-64.8198	-95.7609	 -0.0049	198.8445	124.4493
  0.3000	-103.2196	-62.7832	-94.4825	  1.3923	199.7081	125.7436
  0.3100	-103.1980	-60.7378	-93.1907	  2.8270	200.5666	127.0551
  0.3200	-103.1616	-58.6836	-91.8854	  4.3005	201.4193	128.3838
  0.3300	-103.1099	-56.6208	-90.5664	  5.8139	202.2654	129.7300
  0.3400	-103.0425	-54.5494	-89.2336	  7.3686	203.1037	131.0936
  0.3500	-102.9591	-52.4694	-87.8868	  8.9659	203.9335	132.4749
  0.3600	-102.8591	-50.3810	-86.5257	 10.6070	204.7536	133.8738
  0.3700	-102.7420	-48.2843	-85.1503	 12.2933	205.5629	135.2905
  0.3800	-102.6075	-46.1794	-83.7603	 14.0263	206.3601	136.7248
  0.3900	-102.4551	-44.0664	-82.3555	 15.8074	207.1439	138.1767
  0.4000	-102.2842	-41.9454	-80.9359	 17.6380	207.9129	139.6461
  0.4100	-102.0943	-39.8167	-79.5011	 19.5197	208.6657	141.1330
  0.4200	-101.8849	-37.6804	-78.0510	 21.4538	209.4006	142.6371
  0.4300	-101.6555	-35.5367	-76.5855	 23.4421	210.1158	144.1582
  0.4400	-101.4055	-33.3857	-75.1043	 25.4861	210.8095	145.6960
  0.4500	-101.1343	-31.2278	-73.6074	 27.5872	211.4798	147.2500
  0.4600	-100.8413	-29.0632	-72.0945	 29.7472	212.1246	148.8199
  0.4700	-100.5259	-26.8921	-70.5654	 31.9675	212.7416	150.4051
  0.4800	-100.1876	-24.7149	-69.0201	 34.2498	213.3284	152.0049
  0.4900	-99.8256	-22.5319	-67.4584	 36.5955	213.8825	153.6187
  0.5000	-99.4392	-20.3434	-65.8801	 39.0063	214.4012	155.2456
  0.5100	-99.0279	-18.1497	-64.2851	 41.4837	214.8817	156.8845
  0.5200	-98.5910	-15.9514	-62.6733	 44.0290	215.3209	158.5345
  0.5300	-98.1276	-13.7488	-61.0446	 46.6436	215.7157	160.1942
  0.5400	-97.6372	-11.5424	-59.3989	 49.3288	216.0626	161.8622
  0.5500	-97.1190	 -9.3327	-57.7361	 52.0859	216.3581	163.5370
  0.5600	-96.5722	 -7.1203	-56.0562	 54.9158	216.5985	165.2168
  0.5700	-95.9961	 -4.9058	-54.3591	 57.8195	216.7798	166.8997
  0.5800	-95.3900	 -2.6897	-52.6447	 60.7978	216.8980	168.5835
  0.5900	-94.7530	 -0.4727	-50.9132	 63.8511	216.9488	170.2659
  0.6000	-94.0845	  1.7444	-49.1645	 66.9797	216.9277	171.9442
  0.6100	-93.3836	  3.9609	-47.3987	 70.1838	216.8302	173.6156
  0.6200	-92.6495	  6.1760	-45.6159	 73.4630	216.6515	175.2771
  0.6300	-91.8816	  8.3888	-43.8161	 76.8168	216.3868	176.9252
  0.6400	-91.0790	 10.5985	-41.9996	 80.2442	216.0311	178.5565
  0.6500	-90.2411	 12.8040	-40.1665	 83.7438	215.5794	180.1669
  0.6600	-89.3669	 15.0044	-38.3171	 87.3138	215.0267	181.7525
  0.6700	-88.4560	 17.1986	-36.4517	 90.9518	214.3679	183.3087
  0.6800	-87.5076	 19.3855	-34.5705	 94.6550	213.5980	184.8310
  0.6900	-86.5209	 21.5640	-32.6739	 98.4200	212.7120	186.3143
  0.7000	-85.4956	 23.7327	-30.7624	102.2427	211.7054	187.7537
  0.7100	-84.4308	 25.8906	-28.8365	106.1186	210.5736	189.1437
  0.7200	-83.3263	 28.0362	-26.8966	110.0421	209.3123	190.4790
  0.7300	-82.1814	 30.1682	-24.9434	114.0075	207.9178	191.7538
  0.7400	-80.9958	 32.2853	-22.9775	118.0080	206.3866	192.9625
  0.7500	-79.7691	 34.3861	-20.9996	122.0364	204.7160	194.0993
  0.7600	-78.5012	 36.4690	-19.0105	126.0846	202.9037	195.1585
  0.7700	-77.1919	 38.5327	-17.0110	130.1441	200.9481	196.1346
  0.7800	-75.8411	 40.5757	-15.0020	134.2058	198.8485	197.0221
  0.7900	-74.4488	 42.5964	-12.9844	138.2600	196.6049	197.8157
  0.8000	-73.0151	 44.5935	-10.9591	142.2966	194.2181	198.5107
  0.8100	-71.5404	 46.5655	 -8.9273	146.3053	191.6902	199.1024
  0.8200	-70.0248	 48.5110	 -6.8900	150.2753	189.0239	199.5868
  0.8300	-68.4690	 50.4285	 -4.8483	154.1960	186.2230	199.9603
  0.8400	-66.8734	 52.3167	 -2.8034	158.0565	183.2923	200.2195
  0.8500	-65.2387	 54.1743	 -0.7565	161.8461	180.2376	200.3590
  0.8600	-63.5657	 56.0002	  1.2911	165.5535	177.0664	200.3324
  0.8700	-61.8553	 57.7930	  3.3376	169.1660	173.7888	200.1597
  0.8800	-60.1085	 59.5519	  5.3817	172.6740	170.4137	199.8672
  0.8900	-58.3264	 61.2758	  7.4223	176.0689	166.9502	199.4582
  0.9000	-56.5102	 62.9640	  9.4581	179.3432	163.4078	198.9352
  0.9100	-54.6613	 64.6155	 11.4879	182.4902	159.7963	198.3010
  0.9200	-52.7808	 66.2299	 13.5108	185.5042	156.1259	197.5590
  0.9300	-50.8703	 67.8065	 15.5255	188.3803	152.4067	196.7132
  0.9400	-48.9310	 69.3449	 17.5311	191.1147	148.6488	195.7682
  0.9500	-46.9646	 70.8447	 19.5265	193.7048	144.8624	194.7288
  0.9600	-44.9725	 72.3058	 21.5109	196.1487	141.0571	193.6002
  0.9700	-42.9561	 73.7279	 23.4833	198.4456	137.2425	192.3882
  0.9800	-40.9170	 75.1110	 25.4429	200.5954	133.4274	191.0984
  0.9900	-38.8567	 76.4552	 27.3890	202.5991	129.6205	189.7366
  1.0000	-36.7766	 77.7605	 29.3208	204.4582	125.8297	188.3089
  1.0100	-34.6783	 79.0273	 31.2377	206.1751	122.0625	186.8211
  1.0200	-32.5631	 80.2557	 33.1391	207.7527	118.3256	185.2791
  1.0300	-30.4325	 81.4460	 35.0246	209.1943	114.6252	183.6886
  1.0400	-28.2878	 82.5988	 36.8935	210.5038	110.9669	182.0552
  1.0500	-26.1304	 83.7144	 38.7456	211.6854	107.3556	180.3843
  1.0600	-23.9616	 84.7934	 40.5804	212.7436	103.7957	178.6809
  1.0700	-21.7826	 85.8363	 42.3977	213.6832	100.2909	176.9500
  1.0800	-19.5945	 86.8437	 44.1972	214.5090	 96.8445	175.1961
  1.0900	-17.3986	 87.8161	 45.9786	215.2261	 93.4591	173.4237
  1.1000	-15.1958	 88.7543	 47.7419	215.8393	 90.1371	171.6367
  1.1100	-12.9873	 89.6589	 49.4868	216.3538	 86.8800	169.8389
  1.1200	-10.7740	 90.5305	 51.2133	216.7746	 83.6894	168.0339
  1.1300	 -8.5569	 91.3698	 52.9214	217.1065	 80.5661	166.2248
  1.1400	 -6.3368	 92.1776	 54.6110	217.3544	 77.5109	164.4146
  1.1500	 -4.1146	 92.9545	 56.2820	217.5230	 74.5239	162.6060
  1.1600	 -1.8910	 93.7012	 57.9346	217.6169	 71.6054	160.8014
  1.1700	  0.3332	 94.4184	 59.5688	217.6405	 68.7550	159.0030
  1.1800	  2.5572	 95.1069	 61.1847	217.5981	 65.9725	157.2129
  1.1900	  4.7805	 95.7673	 62.7823	217.4937	 63.2572	155.4327
  1.2000	  7.0025	 96.4002	 64.3618	217.3313	 60.6083	153.6641
  1.2100	  9.2225	 97.0064	 65.9233	217.1146	 58.0250	151.9086
  1.2200	 11.4401	 97.5866	 67.4669	216.8471	 55.5063	150.1672
  1.2300	 13.6546	 98.1413	 68.9928	216.5323	 53.0511	148.4413
  1.2400	 15.8658	 98.6713	 70.5011	216.1734	 50.6582	146.7315
  1.2500	 18.0730	 99.1771	 71.9921	215.7734	 48.3263	145.0389
  1.2600	 20.2760	 99.6594	 73.4658	215.3352	 46.0543	143.3641
  1.2700	 22.4743	100.1187	 74.9225	214.8615	 43.8406	141.7077
  1.2800	 24.6676	100.5558	 76.3624	214.3549	 41.6841	140.0701
  1.2900	 26.8555	100.9710	 77.7857	213.8178	 39.5832	138.4518
  1.3000	 29.0379	101.3651	 79.1925	213.2524	 37.5367	136.8531
  1.3100	 31.2143	101.7385	 80.5830	212.6610	 35.5430	135.2742
  1.3200	 33.3845	102.0919	 81.9576	212.0455	 33.6010	133.7153
  1.3300	 35.5484	102.4256	 83.3163	211.4078	 31.7090	132.1766
  1.3400	 37.7056	102.7403	 84.6594	210.7497	 29.8658	130.6581
  1.3500	 39.8560	103.0363	 85.9870	210.0729	 28.0701	129.1597
  1.3600	 41.9994	103.3142	 87.2995	209.3788	 26.3205	127.6816
  1.3700	 44.1356	103.5745	 88.5969	208.6691	 24.6156	126.2236
  1.3800	 46.2645	103.8176	 89.8796	207.9449	 22.9543	124.7856
  1.3900	 48.3860	104.0439	 91.1477	207.2076	 21.3352	123.3675
  1.4000	 50.4998	104.2539	 92.4013	206.4585	 19.7572	121.9692
  1.4100	 52.6059	104.4480	 93.6408	205.6986	 18.2189	120.5905
  1.4200	 54.7042	104.6265	 94.8663	204.9289	 16.7194	119.2312
  1.4300	 56.7946	104.7899	 96.0780	204.1504	 15.2573	117.8911
  1.4400	 58.8770	104.9385	 97.2761	203.3641	 13.8316	116.5699
  1.4500	 60.9513	105.0728	 98.4608	202.5708	 12.4413	115.2675
  1.4600	 63.0175	105.1930	 99.6323	201.7713	 11.0852	113.9835
  1.4700	 65.0755	105.2996	100.7907	200.9664	  9.7624	112.7178
  1.4800	 67.1253	105.3927	101.9363	200.1566	  8.4719	111.4700
  1.4900	 69.1667	105.4729	103.0692	199.3427	  7.2127	110.2399
  1.5000	 71.1998	105.5403	104.1897	198.5253	  5.9839	109.0273
  1.5100	 73.2245	105.5953	105.2978	197.7049	  4.7845	107.8318
  1.5200	 75.2409	105.6383	106.3939	196.8821	  3.6138	106.6532
  1.5300	 77.2488	105.6694	107.4779	196.0573	  2.4709	105.4912
  1.5400	 79.2483	105.6889	108.5502	195.2309	  1.3549	104.3455
  1.5500	 81.2393	105.6972	109.6108	194.4035	  0.2651	103.2158
  1.5600	 83.2219	105.6944	110.6600	193.5754	 -0.7994	102.1019
  1.5700	 85.1960	105.6810	111.6979	192.7470	 -1.8391	101.0034
  1.5800	 87.1616	105.6570	112.7246	191.9185	 -2.8549	 99.9202
  1.5900	 89.1188	105.6227	113.7403	191.0904	 -3.8475	 98.8519
  1.6000	 91.0675	105.5785	114.7452	190.2629	 -4.8174	 97.7982
  1.6100	 93.0078	105.5244	115.7394	189.4362	 -5.7654	 96.7590
  1.6200	 94.9396	105.4607	116.7230	188.6107	 -6.6921	 95.7338
  1.6300	 96.8630	105.3877	117.6962	187.7866	 -7.5981	 94.7226
  1.6400	 98.7780	105.3055	118.6592	186.9640	 -8.4840	 93.7249
  1.6500	100.6846	105.2144	119.6121	186.1432	 -9.3503	 92.7406
  1.6600	102.5828	105.1145	120.5549	185.3244	-10.1976	 91.7695
  1.6700	104.4726	105.0060	121.4879	184.5077	-11.0264	 90.8111
  1.6800	106.3541	104.8892	122.4111	183.6932	-11.8372	 89.8654
  1.6900	108.2273	104.7642	123.3248	182.8813	-12.6305	 88.9321
  1.7000	110.0922	104.6311	124.2290	182.0718	-13.4069	 88.0109
  1.7100	111.9489	104.4902	125.1238	181.2651	-14.1667	 87.1016
  1.7200	113.7973	104.3416	126.0094	180.4611	-14.9104	 86.2041
  1.7300	115.6375	104.1855	126.8859	179.6601	-15.6384	 85.3180
  1.7400	117.4696	104.0221	127.7534	178.8620	-16.3512	 84.4431
  1.7500	119.2935	103.8514	128.6119	178.0671	-17.0492	 83.5793
  1.7600	121.1093	103.6737	129.4618	177.2752	-17.7328	 82.7263
  1.7700	122.9170	103.4890	130.3029	176.4866	-18.4022	 81.8840
  1.7800	124.7167	103.2976	131.1355	175.7013	-19.0580	 81.0521
  1.7900	126.5083	103.0995	131.9597	174.9194	-19.7004	 80.2304
  1.8000	128.2920	102.8950	132.7755	174.1408	-20.3298	 79.4188
  1.8100	130.0678	102.6840	133.5831	173.3657	-20.9466	 78.6171
  1.8200	131.8356	102.4669	134.3825	172.5941	-21.5510	 77.8250
  1.8300	133.5956	102.2436	135.1738	171.8260	-22.1434	 77.0424
  1.8400	135.3478	102.0143	135.9573	171.0614	-22.7241	 76.2691
  1.8500	137.0921	101.7792	136.7328	170.3004	-23.2933	 75.5050
  1.8600	138.8287	101.5383	137.5006	169.5431	-23.8514	 74.7499
  1.8700	140.5576	101.2917	138.2608	168.7893	-24.3986	 74.0035
  1.8800	142.2788	101.0396	139.0133	168.0392	-24.9352	 73.2659
  1.8900	143.9924	100.7821	139.7584	167.2927	-25.4615	 72.5367
  1.9000	145.6983	100.5192	140.4960	166.5499	-25.9777	 71.8159
  1.9100	147.3967	100.2512	141.2263	165.8108	-26.4840	 71.1032
  1.9200	149.0875	 99.9780	141.9494	165.0753	-26.9807	 70.3987
  1.9300	150.7708	 99.6997	142.6653	164.3435	-27.4680	 69.7020
  1.9400	152.4467	 99.4166	143.3741	163.6154	-27.9461	 69.0130
  1.9500	154.1151	 99.1286	144.0760	162.8909	-28.4153	 68.3317
  1.9600	155.7762	 98.8358	144.7709	162.1702	-28.8758	 67.6579
  1.9700	157.4299	 98.5384	145.4589	161.4530	-29.3277	 66.9915
  1.9800	159.0763	 98.2364	146.1402	160.7396	-29.7712	 66.3322
  1.9900	160.7154	 97.9299	146.8148	160.0298	-30.2066	 65.6801
  2.0000	162.3473	 97.6190	147.4828	159.3236	-30.6341	 65.0349
  2.0100	163.9720	 97.3038	148.1442	158.6210	-31.0538	 64.3966
  2.0200	165.5896	 96.9843	148.7991	157.9221	-31.4658	 63.7650
  2.0300	167.2000	 96.6606	149.4475	157.2267	-31.8704	 63.1401
  2.0400	168.8033	 96.3329	150.0897	156.5349	-32.2678	 62.5217
  2.0500	170.3996	 96.0011	150.7255	155.8467	-32.6580	 61.9096
  2.0600	171.9888	 95.6654	151.3551	155.1620	-33.0413	 61.3039
  2.0700	173.5711	 95.3258	151.9786	154.4809	-33.4178	 60.7043
  2.0800	175.1464	 94.9824	152.5960	153.8032	-33.7876	 60.1108
  2.0900	176.7149	 94.6352	153.2073	153.1291	-34.1509	 59.5233
  2.1000	178.2764	 94.2844	153.8127	152.4584	-34.5078	 58.9417
  2.1100	179.8311	 93.9299	154.4121	151.7911	-34.8585	 58.3658
  2.1200	181.3790	 93.5719	155.0057	151.1273	-35.2031	 57.7957
  2.1300	182.9202	 93.2104	155.5935	150.4669	-35.5417	 57.2311
  2.1400	184.4546	 92.8455	156.1755	149.8099	-35.8744	 56.6721
  2.1500	185.9823	 92.4771	156.7519	149.1562	-36.2015	 56.1184
  2.1600	187.5034	 92.1055	157.3226	148.5059	-36.5229	 55.5701
  2.1700	189.0178	 91.7306	157.8878	147.8589	-36.8388	 55.0270
  2.1800	190.5256	 91.3526	158.4474	147.2151	-37.1493	 54.4891
  2.1900	192.0269	 90.9713	159.0015	146.5747	-37.4545	 53.9562
  2.2000	193.5216	 90.5870	159.5503	145.9374	-37.7546	 53.4284
  2.2100	195.0099	 90.1997	160.0936	145.3034	-38.0496	 52.9055
  2.2200	196.4916	 89.8093	160.6317	144.6726	-38.3397	 52.3874
  2.2300	197.9670	 89.4160	161.1645	144.0449	-38.6249	 51.8740
  2.2400	199.4359	 89.0198	161.6920	143.4204	-38.9053	 51.3654
  2.2500	200.8985	 88.6208	162.2144	142.7990	-39.1810	 50.8613
  2.2600	202.3548	 88.2190	162.7316	142.1807	-39.4521	 50.3619
  2.2700	203.8047	 87.8144	163.2438	141.5655	-39.7188	 49.8669
  2.2800	205.2484	 87.4072	163.7509	140.9533	-39.9810	 49.3763
  2.2900	206.6858	 86.9973	164.2531	140.3442	-40.2389	 48.8900
  2.3000	208.1170	 86.5847	164.7503	139.7380	-40.4926	 48.4080
  2.3100	209.5421	 86.1696	165.2426	139.1348	-40.7421	 47.9303
  2.3200	210.9610	 85.7520	165.7300	138.5345	-40.9875	 47.4567
  2.3300	212.3737	 85.3318	166.2126	137.9372	-41.2289	 46.9871
  2.3400	213.7804	 84.9093	166.6904	137.3427	-41.4664	 46.5216
  2.3500	215.1810	 84.4843	167.1635	136.7511	-41.7000	 46.0601
  2.3600	216.5756	 84.0569	167.6319	136.1624	-41.9298	 45.6025
  2.3700	217.9642	 83.6273	168.0957	135.5765	-42.1559	 45.1487
  2.3800	219.3468	 83.1953	168.5548	134.9933	-42.3784	 44.6988
  2.3900	220.7235	 82.7611	169.0093	134.4130	-42.5972	 44.2525
  2.4000	222.0942	 82.3246	169.4593	133.8354	-42.8126	 43.8100
  2.4100	223.4591	 81.8860	169.9048	133.2605	-43.0244	 43.3711
  2.4200	224.8181	 81.4452	170.3458	132.6883	-43.2329	 42.9358
  2.4300	226.1713	 81.0023	170.7824	132.1188	-43.4381	 42.5040
  2.4400	227.5186	 80.5574	171.2146	131.5520	-43.6399	 42.0757
  2.4500	228.8602	 80.1103	171.6425	130.9877	-43.8385	 41.6508
  2.4600	230.1960	 79.6613	172.0660	130.4261	-44.0340	 41.2294
  2.4700	231.5261	 79.2103	172.4852	129.8671	-44.2264	 40.8112
  2.4800	232.8505	 78.7573	172.9002	129.3106	-44.4157	 40.3964
  2.4900	234.1692	 78.3025	173.3110	128.7567	-44.6020	 39.9848
  2.5000	235.4823	 77.8457	173.7175	128.2053	-44.7853	 39.5764
  2.5100	236.7898	 77.3871	174.1199	127.6563	-44.9657	 39.1712
  2.5200	238.0916	 76.9266	174.5182	127.1099	-45.1433	 38.7691
  2.5300	239.3879	 76.4644	174.9124	126.5658	-45.3181	 38.3701
  2.5400	240.6786	 76.0003	175.3025	126.0242	-45.4901	 37.9741
  2.5500	241.9639	 75.5346	175.6886	125.4851	-45.6594	 37.5811
  2.5600	243.2436	 75.0671	176.0707	124.9482	-45.8260	 37.1911
  2.5700	244.5178	 74.5979	176.4488	124.4138	-45.9900	 36.8039
  2.5800	245.7866	 74.1270	176.8229	123.8817	-46.1514	 36.4197
  2.5900	247.0500	 73.6546	177.1932	123.3519	-46.3102	 36.0383
  2.6000	248.3079	 73.1805	177.5596	122.8244	-46.4666	 35.6597
  2.6100	249.5605	 72.7048	177.9221	122.2992	-46.6205	 35.2839
  2.6200	250.8077	 72.2276	178.2808	121.7762	-46.7720	 34.9107
  2.6300	252.0496	 71.7488	178.6357	121.2555	-46.9211	 34.5403
  2.6400	253.2862	 71.2685	178.9868	120.7370	-47.0678	 34.1726
  2.6500	254.5175	 70.7867	179.3342	120.2207	-47.2123	 33.8075
  2.6600	255.7435	 70.3035	179.6779	119.7065	-47.3544	 33.4449
  2.6700	256.9643	 69.8188	180.0178	119.1945	-47.4943	 33.0850
  2.6800	258.1799	 69.3327	180.3541	118.6847	-47.6321	 32.7275
  2.6900	259.3902	 68.8452	180.6868	118.1769	-47.7676	 32.3726
  2.7000	260.5954	 68.3564	181.0158	117.6713	-47.9010	 32.0201
  2.7100	261.7954	 67.8661	181.3413	117.1677	-48.0323	 31.6701
  2.7200	262.9903	 67.3746	181.6632	116.6662	-48.1616	 31.3224
  2.7300	264.1801	 66.8817	181.9815	116.1668	-48.2888	 30.9772
  2.7400	265.3648	 66.3876	182.2964	115.6693	-48.4140	 30.6342
  2.7500	266.5444	 65.8922	182.6077	115.1739	-48.5372	 30.2936
  2.7600	267.7190	 65.3955	182.9156	114.6805	-48.6584	 29.9553
  2.7700	268.8885	 64.8976	183.2200	114.1890	-48.7778	 29.6193
  2.7800	270.0530	 64.3985	183.5210	113.6995	-48.8952	 29.2855
  2.7900	271.2125	 63.8982	183.8186	113.2119	-49.0108	 28.9539
  2.8000	272.3671	 63.3967	184.1128	112.7262	-49.1245	 28.6244
  2.8100	273.5166	 62.8941	184.4037	112.2425	-49.2364	 28.2972
  2.8200	274.6613	 62.3903	184.6912	111.7606	-49.3466	 27.9720
  2.8300	275.8010	 61.8855	184.9755	111.2806	-49.4549	 27.6490
  2.8400	276.9359	 61.3795	185.2564	110.8024	-49.5616	 27.3281
  2.8500	278.0659	 60.8724	185.5341	110.3261	-49.6665	 27.0092
  2.8600	279.1910	 60.3643	185.8085	109.8515	-49.7697	 26.6923
  2.8700	280.3112	 59.8551	186.0797	109.3788	-49.8713	 26.3775
  2.8800	281.4267	 59.3449	186.3476	108.9079	-49.9712	 26.0646
  2.8900	282.5373	 58.8337	186.6124	108.4387	-50.0696	 25.7537
  2.9000	283.6432	 58.3215	186.8741	107.9713	-50.1663	 25.4447
  2.9100	284.7443	 57.8083	187.1325	107.5056	-50.2614	 25.1377
  2.9200	285.8406	 57.2942	187.3879	107.0417	-50.3550	 24.8325
  2.9300	286.9322	 56.7791	187.6401	106.5794	-50.4471	 24.5292
  2.9400	288.0191	 56.2631	187.8893	106.1189	-50.5376	 24.2278
  2.9500	289.1013	 55.7461	188.1353	105.6600	-50.6267	 23.9282
  2.9600	290.1788	 55.2283	188.3784	105.2028	-50.7143	 23.6305
  2.9700	291.2516	 54.7095	188.6184	104.7472	-50.8004	 23.3345
  2.9800	292.3198	 54.1899	188.8553	104.2933	-50.8851	 23.0403
  2.9900	293.3834	 53.6694	189.0893	103.8410	-50.9684	 22.7478
  3.0000	294.4423	 53.1481	189.3203	103.3903	-51.0503	 22.4571
  3.0100	295.4967	 52.6260	189.5483	102.9412	-51.1308	 22.1681
  3.0200	296.5465	 52.1030	189.7734	102.4937	-51.2100	 21.8808
  3.0300	297.5917	 51.5793	189.9956	102.0477	-51.2878	 21.5951
  3.0400	298.6323	 51.0547	190.2149	101.6033	-51.3643	 21.3112
  3.0500	299.6685	 50.5294	190.4312	101.1604	-51.4395	 21.0288
  3.0600	300.7001	 50.0033	190.6447	100.7190	-51.5134	 20.7481
  3.0700	301.7272	 49.4764	190.8553	100.2792	-51.5861	 20.4690
  3.0800	302.7498	 48.9489	191.0631	 99.8408	-51.6574	 20.1915
  3.0900	303.7679	 48.4206	191.2680	 99.4039	-51.7276	 19.9156
  3.1000	304.7816	 47.8916	191.4702	 98.9685	-51.7965	 19.6412
  3.1100	305.7908	 47.3619	191.6695	 98.5346	-51.8642	 19.3684
  3.1200	306.7957	 46.8315	191.8661	 98.1021	-51.9307	 19.0971
  3.1300	307.7961	 46.3004	192.0599	 97.6711	-51.9960	 18.8272
  3.1400	308.7921	 45.7687	192.2509	 97.2414	-52.0602	 18.5589
  3.1500	309.7837	 45.2363	192.4392	 96.8132	-52.1232	 18.2921
  3.1600	310.7709	 44.7033	192.6248	 96.3864	-52.1850	 18.0267
  3.1700	311.7538	 44.1696	192.8077	 95.9609	-52.2458	 17.7628
  3.1800	312.7324	 43.6354	192.9879	 95.5368	-52.3054	 17.5003
  3.1900	313.7066	 43.1005	193.1654	 95.1141	-52.3639	 17.2392
  3.2000	314.6765	 42.5651	193.3403	 94.6928	-52.4213	 16.9796
  3.2100	315.6421	 42.0290	193.5125	 94.2728	-52.4777	 16.7213
  3.2200	316.6035	 41.4924	193.6820	 93.8541	-52.5330	 16.4644
  3.2300	317.5605	 40.9553	193.8490	 93.4367	-52.5873	 16.2088
  3.2400	318.5133	 40.4176	194.0134	 93.0206	-52.6405	 15.9546
  3.2500	319.4619	 39.8793	194.1751	 92.6059	-52.6927	 15.7017
  3.2600	320.4062	 39.3405	194.3343	 92.1924	-52.7439	 15.4502
  3.2700	321.3463	 38.8012	194.4909	 91.7802	-52.7941	 15.2000
  3.2800	322.2822	 38.2614	194.6450	 91.3692	-52.8433	 14.9510
  3.2900	323.2139	 37.7211	194.7965	 90.9595	-52.8915	 14.7034
  3.3000	324.1414	 37.1803	194.9455	 90.5510	-52.9388	 14.4570
  3.3100	325.0647	 36.6390	195.0920	 90.1438	-52.9851	 14.2118
  3.3200	325.9839	 36.0973	195.2360	 89.7378	-53.0305	 13.9680
  3.3300	326.8990	 35.5551	195.3776	 89.3330	-53.0749	 13.7253
  3.3400	327.8099	 35.0125	195.5166	 88.9294	-53.1184	 13.4839
  3.3500	328.7167	 34.4694	195.6532	 88.5270	-53.1610	 13.2437
  3.3600	329.6194	 33.9259	195.7873	 88.1257	-53.2027	 13.0046
  3.3700	330.5180	 33.3819	195.9190	 87.7257	-53.2435	 12.7668
  3.3800	331.4125	 32.8376	196.0483	 87.3268	-53.2834	 12.5301
  3.3900	332.3030	 32.2928	196.1751	 86.9290	-53.3224	 12.2946
  3.4000	333.1894	 31.7477	196.2996	 86.5324	-53.3606	 12.0603
  3.4100	334.0717	 31.2021	196.4216	 86.1370	-53.3979	 11.8271
  3.4200	334.9500	 30.6562	196.5413	 85.7426	-53.4343	 11.5950
  3.4300	335.8243	 30.1099	196.6586	 85.3494	-53.4700	 11.3641
  3.4400	336.6946	 29.5633	196.7736	 84.9573	-53.5047	 11.1342
  3.4500	337.5608	 29.0163	196.8862	 84.5662	-53.5387	 10.9055
  3.4600	338.4231	 28.4690	196.9965	 84.1763	-53.5719	 10.6779
  3.4700	339.2814	 27.9213	197.1045	 83.7874	-53.6042	 10.4513
  3.4800	340.1357	 27.3733	197.2102	 83.3996	-53.6358	 10.2258
  3.4900	340.9861	 26.8250	197.3135	 83.0128	-53.6666	 10.0014
  3.5000	341.8325	 26.2764	197.4146	 82.6272	-53.6966	  9.7780
  3.5100	342.6750	 25.7274	197.5134	 82.2425	-53.7258	  9.5557
  3.5200	343.5135	 25.1782	197.6099	 81.8589	-53.7542	  9.3343
  3.5300	344.3482	 24.6287	197.7042	 81.4763	-53.7820	  9.1141
  3.5400	345.1789	 24.0789	197.7962	 81.0947	-53.8089	  8.8948
  3.5500	346.0058	 23.5288	197.8860	 80.7142	-53.8351	  8.6765
  3.5600	346.8287	 22.9785	197.9736	 80.3346	-53.8606	  8.4592
  3.5700	347.6478	 22.4279	198.0589	 79.9561	-53.8853	  8.2430
  3.5800	348.4630	 21.8771	198.1420	 79.5785	-53.9094	  8.0277
  3.5900	349.2744	 21.3260	198.2230	 79.2019	-53.9327	  7.8133
  3.6000	350.0819	 20.7747	198.3018	 78.8262	-53.9553	  7.5999
  3.6100	350.8856	 20.2232	198.3783	 78.4516	-53.9772	  7.3875
  3.6200	351.6855	 19.6714	198.4528	 78.0778	-53.9984	  7.1760
  3.6300	352.4815	 19.1195	198.5250	 77.7051	-54.0190	  6.9655
  3.6400	353.2738	 18.5673	198.5951	 77.3332	-54.0388	  6.7559
  3.6500	354.0622	 18.0149	198.6631	 76.9623	-54.0580	  6.5472
  3.6600	354.8469	 17.4623	198.7290	 76.5923	-54.0765	  6.3394
  3.6700	355.6278	 16.9096	198.7927	 76.2233	-54.0944	  6.1325
  3.6800	356.4049	 16.3567	198.8543	 75.8551	-54.1116	  5.9265
  3.6900	357.1783	 15.8036	198.9138	 75.4879	-54.1281	  5.7214
  3.7000	357.9479	 15.2503	198.9713	 75.1215	-54.1441	  5.5172
  3.7100	358.7137	 14.6969	199.0266	 74.7560	-54.1593	  5.3139
  3.7200	359.4759	 14.1433	199.0799	 74.3914	-54.1740	  5.1114
  3.7300	360.2343	 13.5895	199.1311	 74.0277	-54.1880	  4.9098
  3.7400	360.9890	 13.0357	199.1803	 73.6649	-54.2014	  4.7090
  3.7500	361.7400	 12.4817	199.2274	 73.3029	-54.2142	  4.5091
  3.7600	362.4873	 11.9275	199.2724	 72.9417	-54.2263	  4.3100
  3.7700	363.2310	 11.3733	199.3155	 72.5814	-54.2379	  4.1117
  3.7800	363.9709	 10.8189	199.3565	 72.2219	-54.2489	  3.9143
  3.7900	364.7072	 10.2644	199.3955	 71.8633	-54.2592	  3.7177
  3.8000	365.4398	  9.7099	199.4325	 71.5055	-54.2690	  3.5219
  3.8100	366.1688	  9.1552	199.4675	 71.1485	-54.2782	  3.3269
  3.8200	366.8941	  8.6004	199.5005	 70.7923	-54.2869	  3.1327
  3.8300	367.6158	  8.0456	199.5315	 70.4370	-54.2949	  2.9393
  3.8400	368.3338	  7.4906	199.5606	 70.0824	-54.3024	  2.7466
  3.8500	369.0482	  6.9356	199.5876	 69.7286	-54.3093	  2.5548
  3.8600	369.7591	  6.3806	199.6128	 69.3756	-54.3157	  2.3637
  3.8700	370.4663	  5.8254	199.6360	 69.0234	-54.3215	  2.1734
  3.8800	371.1699	  5.2702	199.6572	 68.6720	-54.3268	  1.9838
  3.8900	371.8699	  4.7150	199.6765	 68.3213	-54.3315	  1.7950
  3.9000	372.5664	  4.1597	199.6939	 67.9714	-54.3356	  1.6070
  3.9100	373.2593	  3.6044	199.7094	 67.6223	-54.3393	  1.4196
  3.9200	373.9486	  3.0490	199.7229	 67.2739	-54.3424	  1.2331
  3.9300	374.6344	  2.4936	199.7346	 66.9262	-54.3449	  1.0472
  3.9400	375.3166	  1.9382	199.7443	 66.5793	-54.3470	  0.8621
  3.9500	375.9953	  1.3828	199.7522	 66.2331	-54.3485	  0.6776
  3.9600	376.6704	  0.8273	199.7582	 65.8876	-54.3495	  0.4939
  3.9700	377.3420	  0.2719	199.7623	 65.5429	-54.3500	  0.3109
  3.9800	378.0101	 -0.2836	199.7645	 65.1989	-54.3500	  0.1286
  3.9900	378.6747	 -0.8391	199.7649	 64.8555	-54.3495	 -0.0530
  4.0000	379.3357	 -1.3945	199.7635	 64.5129	-54.3485	 -0.2339
  4.0100	379.9933	 -1.9499	199.7602	 64.1710	-54.3470	 -0.4141
  4.0200	380.6474	 -2.5054	199.7550	 63.8298	-54.3450	 -0.5936
  4.0300	381.2980	 -3.0607	199.7480	 63.4893	-54.3425	 -0.7725
  4.0400	381.9451	 -3.6161	199.7392	 63.1494	-54.3396	 -0.9507
  4.0500	382.5888	 -4.1714	199.7286	 62.8102	-54.3361	 -1.1283
  4.0600	383.2290	 -4.7267	199.7162	 62.4717	-54.3322	 -1.3052
  4.0700	383.8657	 -5.2820	199.7019	 62.1339	-54.3278	 -1.4814
  4.0800	384.4990	 -5.8372	199.6859	 61.7967	-54.3229	 -1.6570
  4.0900	385.1288	 -6.3923	199.6681	 61.4602	-54.3175	 -1.8319
  4.1000	385.7552	 -6.9474	199.6484	 61.1243	-54.3117	 -2.0062
  4.1100	386.3782	 -7.5025	199.6271	 60.7891	-54.3054	 -2.1799
  4.1200	386.9978	 -8.0574	199.6039	 60.4545	-54.2987	 -2.3529
  4.1300	387.6139	 -8.6123	199.5790	 60.1205	-54.2915	 -2.5253
  4.1400	388.2266	 -9.1672	199.5523	 59.7872	-54.2839	 -2.6971
  4.1500	388.8360	 -9.7219	199.5238	 59.4545	-54.2758	 -2.8683
  4.1600	389.4419	-10.2766	199.4936	 59.1224	-54.2673	 -3.0389
  4.1700	390.0444	-10.8311	199.4617	 58.7909	-54.2583	 -3.2088
  4.1800	390.6436	-11.3856	199.4281	 58.4601	-54.2489	 -3.3782
  4.1900	391.2394	-11.9400	199.3927	 58.1298	-54.2390	 -3.5470
  4.2000	391.8318	-12.4942	199.3556	 57.8002	-54.2287	 -3.7151
  4.2100	392.4208	-13.0484	199.3167	 57.4711	-54.2180	 -3.8827
  4.2200	393.0065	-13.6024	199.2762	 57.1426	-54.2069	 -4.0497
  4.2300	393.5888	-14.1564	199.2340	 56.8147	-54.1953	 -4.2161
  4.2400	394.1678	-14.7102	199.1900	 56.4874	-54.1833	 -4.3820
  4.2500	394.7434	-15.2639	199.1444	 56.1607	-54.1709	 -4.5472
  4.2600	395.3157	-15.8174	199.0971	 55.8346	-54.1581	 -4.7119
  4.2700	395.8847	-16.3709	199.0481	 55.5090	-54.1448	 -4.8761
  4.2800	396.4503	-16.9242	198.9974	 55.1839	-54.1312	 -5.0397
  4.2900	397.0126	-17.4773	198.9451	 54.8595	-54.1171	 -5.2027
  4.3000	397.5716	-18.0303	198.8911	 54.5356	-54.1026	 -5.3652
  4.3100	398.1273	-18.5832	198.8354	 54.2122	-54.0877	 -5.5271
  4.3200	398.6797	-19.1359	198.7781	 53.8894	-54.0725	 -5.6885
  4.3300	399.2288	-19.6884	198.7192	 53.5671	-54.0568	 -5.8493
  4.3400	399.7746	-20.2408	198.6586	 53.2454	-54.0407	 -6.0096
  4.3500	400.3172	-20.7930	198.5963	 52.9241	-54.0242	 -6.1694
  4.3600	400.8564	-21.3450	198.5325	 52.6035	-54.0074	 -6.3287
  4.3700	401.3924	-21.8969	198.4670	 52.2833	-53.9901	 -6.4874
  4.3800	401.9251	-22.4486	198.3999	 51.9636	-53.9725	 -6.6456
  4.3900	402.4545	-23.0001	198.3311	 51.6445	-53.9544	 -6.8033
  4.4000	402.9807	-23.5514	198.2608	 51.3259	-53.9360	 -6.9604
  4.4100	403.5036	-24.1026	198.1889	 51.0078	-53.9172	 -7.1171
  4.4200	404.0233	-24.6535	198.1153	 50.6902	-53.8980	 -7.2733
  4.4300	404.5397	-25.2042	198.0402	 50.3731	-53.8785	 -7.4289
  4.4400	405.0529	-25.7548	197.9635	 50.0565	-53.8586	 -7.5841
  4.4500	405.5629	-26.3051	197.8852	 49.7403	-53.8382	 -7.7387
  4.4600	406.0696	-26.8552	197.8053	 49.4247	-53.8176	 -7.8929
  4.4700	406.5731	-27.4051	197.7239	 49.1095	-53.7965	 -8.0466
  4.4800	407.0734	-27.9548	197.6408	 48.7948	-53.7751	 -8.1997
  4.4900	407.5705	-28.5043	197.5563	 48.4806	-53.7533	 -8.3525
  4.5000	408.0644	-29.0535	197.4701	 48.1669	-53.7312	 -8.5047
  4.5100	408.5550	-29.6025	197.3824	 47.8536	-53.7087	 -8.6564
  4.5200	409.0425	-30.1513	197.2932	 47.5408	-53.6858	 -8.8077
  4.5300	409.5268	-30.6999	197.2024	 47.2285	-53.6626	 -8.9585
  4.5400	410.0079	-31.2482	197.1101	 46.9166	-53.6390	 -9.1089
  4.5500	410.4858	-31.7963	197.0162	 46.6051	-53.6151	 -9.2587
  4.5600	410.9605	-32.3441	196.9208	 46.2941	-53.5908	 -9.4082
  4.5700	411.4320	-32.8917	196.8239	 45.9836	-53.5662	 -9.5571
  4.5800	411.9004	-33.4390	196.7255	 45.6735	-53.5412	 -9.7056
  4.5900	412.3656	-33.9860	196.6255	 45.3638	-53.5159	 -9.8537
  4.6000	412.8276	-34.5328	196.5241	 45.0545	-53.4902	-10.0013
  4.6100	413.2865	-35.0794	196.4211	 44.7457	-53.4642	-10.1484
  4.6200	413.7422	-35.6256	196.3166	 44.4373	-53.4378	-10.2952
  4.6300	414.1948	-36.1716	196.2107	 44.1294	-53.4111	-10.4414
  4.6400	414.6442	-36.7174	196.1032	 43.8218	-53.3841	-10.5873
  4.6500	415.0905	-37.2628	195.9943	 43.5147	-53.3567	-10.7327
  4.6600	415.5337	-37.8080	195.8838	 43.2079	-53.3290	-10.8777
  4.6700	415.9737	-38.3529	195.7719	 42.9016	-53.3009	-11.0222
  4.6800	416.4106	-38.8974	195.6586	 42.5957	-53.2725	-11.1663
  4.6900	416.8443	-39.4417	195.5437	 42.2902	-53.2438	-11.3100
  4.7000	417.2750	-39.9857	195.4274	 41.9850	-53.2147	-11.4533
  4.7100	417.7025	-40.5295	195.3096	 41.6803	-53.1853	-11.5962
  4.7200	418.1269	-41.0729	195.1904	 41.3760	-53.1556	-11.7386
  4.7300	418.5482	-41.6160	195.0697	 41.0720	-53.1256	-11.8807
  4.7400	418.9664	-42.1587	194.9475	 40.7685	-53.0952	-12.0223
  4.7500	419.3816	-42.7012	194.8239	 40.4653	-53.0645	-12.1635
  4.7600	419.7936	-43.2434	194.6989	 40.1625	-53.0335	-12.3043
  4.7700	420.2025	-43.7852	194.5724	 39.8600	-53.0022	-12.4448
  4.7800	420.6083	-44.3267	194.4445	 39.5579	-52.9705	-12.5848
  4.7900	421.0110	-44.8679	194.3152	 39.2562	-52.9386	-12.7244
  4.8000	421.4107	-45.4088	194.1844	 38.9549	-52.9063	-12.8636
  4.8100	421.8073	-45.9493	194.0523	 38.6539	-52.8737	-13.0025
  4.8200	422.2008	-46.4895	193.9187	 38.3533	-52.8407	-13.1409
  4.8300	422.5912	-47.0294	193.7837	 38.0530	-52.8075	-13.2790
  4.8400	422.9786	-47.5689	193.6473	 37.7531	-52.7739	-13.4166
  4.8500	423.3629	-48.1081	193.5094	 37.4535	-52.7401	-13.5539
  4.8600	423.7441	-48.6469	193.3702	 37.1543	-52.7059	-13.6908
  4.8700	424.1223	-49.1854	193.2296	 36.8554	-52.6714	-13.8274
  4.8800	424.4975	-49.7235	193.0876	 36.5569	-52.6366	-13.9635
  4.8900	424.8696	-50.2613	192.9442	 36.2586	-52.6015	-14.0993
  4.9000	425.2386	-50.7987	192.7994	 35.9608	-52.5661	-14.2348
  4.9100	425.6046	-51.3357	192.6532	 35.6632	-52.5304	-14.3698
  4.9200	425.9676	-51.8724	192.5057	 35.3660	-52.4944	-14.5045
  4.9300	426.3275	-52.4087	192.3568	 35.0691	-52.4580	-14.6388
  4.9400	426.6844	-52.9447	192.2065	 34.7725	-52.4214	-14.7728
  4.9500	427.0382	-53.4802	192.0548	 34.4762	-52.3845	-14.9064
  4.9600	427.3891	-54.0154	191.9018	 34.1802	-52.3472	-15.0396
  4.9700	427.7369	-54.5502	191.7474	 33.8846	-52.3097	-15.1725
  4.9800	428.0817	-55.0846	191.5917	 33.5892	-52.2719	-15.3051
  4.9900	428.4234	-55.6186	191.4346	 33.2942	-52.2337	-15.4372
  5.0000	428.7622	-56.1523	191.2761	 32.9994	-52.1953	-15.5691
  5.0100	429.0980	-56.6855	191.1163	 32.7050	-52.1566	-15.7006
  5.0200	429.4307	-57.2183	190.9552	 32.4109	-52.1175	-15.8317
  5.0300	429.7604	-57.7508	190.7927	 32.1170	-52.0782	-15.9625
  5.0400	430.0872	-58.2828	190.6289	 31.8234	-52.0386	-16.0930
  5.0500	430.4109	-58.8145	190.4638	 31.5302	-51.9987	-16.2231
  5.0600	430.7316	-59.3457	190.2973	 31.2372	-51.9585	-16.3529
  5.0700	431.0494	-59.8765	190.1295	 30.9444	-51.9180	-16.4824
  5.0800	431.3642	-60.4069	189.9604	 30.6520	-51.8772	-16.6115
  5.0900	431.6759	-60.9369	189.7900	 30.3599	-51.8361	-16.7403
  5.1000	431.9847	-61.4664	189.6183	 30.0680	-51.7948	-16.8688
  5.1100	432.2905	-61.9955	189.4452	 29.7763	-51.7531	-16.9969
  5.1200	432.5933	-62.5242	189.2708	 29.4850	-51.7111	-17.1248
  5.1300	432.8932	-63.0525	189.0952	 29.1939	-51.6689	-17.2522
  5.1400	433.1901	-63.5803	188.9182	 28.9031	-51.6264	-17.3794
  5.1500	433.4840	-64.1077	188.7399	 28.6125	-51.5836	-17.5063
  5.1600	433.7749	-64.6347	188.5604	 28.3222	-51.5405	-17.6328
  5.1700	434.0629	-65.1612	188.3795	 28.0321	-51.4971	-17.7590
  5.1800	434.3479	-65.6873	188.1974	 27.7423	-51.4534	-17.8850
  5.1900	434.6299	-66.2129	188.0140	 27.4528	-51.4095	-18.0106
  5.2000	434.9090	-66.7381	187.8293	 27.1634	-51.3652	-18.1359
  5.2100	435.1852	-67.2628	187.6433	 26.8744	-51.3207	-18.2608
  5.2200	435.4583	-67.7871	187.4560	 26.5855	-51.2759	-18.3855
  5.2300	435.7286	-68.3109	187.2675	 26.2969	-51.2308	-18.5099
  5.2400	435.9958	-68.8343	187.0777	 26.0086	-51.1855	-18.6340
  5.2500	436.2602	-69.3572	186.8866	 25.7204	-51.1398	-18.7577
  5.2600	436.5216	-69.8796	186.6943	 25.4325	-51.0939	-18.8812
  5.2700	436.7800	-70.4015	186.5007	 25.1449	-51.0477	-19.0044
  5.2800	437.0355	-70.9230	186.3058	 24.8574	-51.0012	-19.1272
  5.2900	437.2881	-71.4440	186.1097	 24.5702	-50.9544	-19.2498
  5.3000	437.5377	-71.9645	185.9123	 24.2832	-50.9074	-19.3721
  5.3100	437.7845	-72.4845	185.7137	 23.9964	-50.8600	-19.4941
  5.3200	438.0282	-73.0041	185.5139	 23.7098	-50.8124	-19.6158
  5.3300	438.2691	-73.5231	185.3128	 23.4234	-50.7646	-19.7372
  5.3400	438.5070	-74.0417	185.1105	 23.1372	-50.7164	-19.8584
  5.3500	438.7420	-74.5598	184.9069	 22.8513	-50.6679	-19.9792
  5.3600	438.9741	-75.0773	184.7021	 22.5655	-50.6192	-20.0998
  5.3700	439.2032	-75.5944	184.4961	 22.2799	-50.5702	-20.2201
  5.3800	439.4295	-76.1110	184.2888	 21.9946	-50.5210	-20.3401
  5.3900	439.6528	-76.6271	184.0803	 21.7094	-50.4714	-20.4598
  5.4000	439.8732	-77.1426	183.8706	 21.4244	-50.4216	-20.5793
  5.4100	440.0907	-77.6577	183.6597	 21.1397	-50.3715	-20.6984
  5.4200	440.3053	-78.1722	183.4475	 20.8551	-50.3211	-20.8173
  5.4300	440.5170	-78.6862	183.2342	 20.5707	-50.2705	-20.9360
  5.4400	440.7258	-79.1998	183.0196	 20.2864	-50.2196	-21.0543
  5.4500	440.9317	-79.7127	182.8038	 20.0024	-50.1684	-21.1724
  5.4600	441.1346	-80.2252	182.5868	 19.7185	-50.1169	-21.2902
  5.4700	441.3347	-80.7371	182.3686	 19.4348	-50.0651	-21.4078
  5.4800	441.5319	-81.2485	182.1493	 19.1513	-50.0131	-21.5251
  5.4900	441.7262	-81.7594	181.9287	 18.8680	-49.9608	-21.6421
  5.5000	441.9176	-82.2697	181.7069	 18.5848	-49.9083	-21.7589
  5.5100	442.1060	-82.7795	181.4839	 18.3018	-49.8554	-21.8754
  5.5200	442.2916	-83.2888	181.2598	 18.0189	-49.8023	-21.9916
  5.5300	442.4744	-83.7975	181.0344	 17.7362	-49.7489	-22.1076
  5.5400	442.6542	-84.3056	180.8079	 17.4537	-49.6953	-22.2233
  5.5500	442.8311	-84.8132	180.5802	 17.1713	-49.6413	-22.3388
  5.5600	443.0052	-85.3203	180.3513	 16.8891	-49.5871	-22.4540
  5.5700	443.1763	-85.8268	180.1212	 16.6071	-49.5327	-22.5690
  5.5800	443.3446	-86.3327	179.8900	 16.3251	-49.4779	-22.6837
  5.5900	443.5100	-86.8381	179.6576	 16.0434	-49.4229	-22.7981
  5.6000	443.6725	-87.3429	179.4240	 15.7617	-49.3676	-22.9123
  5.6100	443.8322	-87.8472	179.1892	 15.4803	-49.3120	-23.0263
  5.6200	443.9890	-88.3509	178.9533	 15.1989	-49.2562	-23.1400
  5.6300	444.1428	-88.8540	178.7163	 14.9177	-49.2001	-23.2535
  5.6400	444.2939	-89.3565	178.4780	 14.6366	-49.1437	-23.3667
  5.6500	444.4420	-89.8585	178.2386	 14.3557	-49.0871	-23.4797
  5.6600	444.5873	-90.3599	177.9981	 14.0749	-49.0301	-23.5925
  5.6700	444.7297	-90.8607	177.7564	 13.7942	-48.9729	-23.7050
  5.6800	444.8693	-91.3609	177.5136	 13.5136	-48.9155	-23.8172
  5.6900	445.0059	-91.8605	177.2696	 13.2332	-48.8577	-23.9293
  5.7000	445.1397	-92.3595	177.0245	 12.9529	-48.7997	-24.0411
  5.7100	445.2707	-92.8580	176.7782	 12.6727	-48.7414	-24.1526
  5.7200	445.3988	-93.3558	176.5308	 12.3926	-48.6829	-24.2640
  5.7300	445.5240	-93.8530	176.2822	 12.1127	-48.6241	-24.3750
  5.7400	445.6464	-94.3497	176.0326	 11.8328	-48.5650	-24.4859
  5.7500	445.7659	-94.8457	175.7817	 11.5531	-48.5056	-24.5965
  5.7600	445.8825	-95.3411	175.5298	 11.2735	-48.4459	-24.7069
  5.7700	445.9963	-95.8359	175.2767	 10.9939	-48.3860	-24.8171
  5.7800	446.1072	-96.3301	175.0225	 10.7145	-48.3258	-24.9270
  5.7900	446.2153	-96.8237	174.7672	 10.4352	-48.2654	-25.0368
  5.8000	446.3205	-97.3167	174.5108	 10.1560	-48.2046	-25.1463
  5.8100	446.4229	-97.8090	174.2532	  9.8768	-48.1436	-25.2555
  5.8200	446.5224	-98.3007	173.9946	  9.5978	-48.0823	-25.3646
  5.8300	446.6191	-98.7918	173.7348	  9.3189	-48.0208	-25.4734
  5.8400	446.7129	-99.2823	173.4739	  9.0400	-47.9590	-25.5820
  5.8500	446.8038	-99.7721	173.2119	  8.7612	-47.8969	-25.6904
  5.8600	446.8920	-100.2613	172.9488	  8.4826	-47.8345	-25.7986
  5.8700	446.9772	-100.7498	172.6846	  8.2040	-47.7718	-25.9065
  5.8800	447.0596	-101.2377	172.4193	  7.9254	-47.7089	-26.0142
  5.8900	447.1392	-101.7250	172.1528	  7.6470	-47.6457	-26.1217
  5.9000	447.2160	-102.2116	171.8853	  7.3686	-47.5822	-26.2290
  5.9100	447.2898	-102.6976	171.6167	  7.0904	-47.5185	-26.3361
  5.9200	447.3609	-103.1829	171.3470	  6.8121	-47.4545	-26.4430
  5.9300	447.4291	-103.6676	171.0762	  6.5340	-47.3902	-26.5497
  5.9400	447.4944	-104.1515	170.8043	  6.2559	-47.3256	-26.6561
  5.9500	447.5569	-104.6349	170.5314	  5.9779	-47.2607	-26.7624
  5.9600	447.6166	-105.1176	170.2573	  5.6999	-47.1956	-26.8684
  5.9700	447.6735	-105.5996	169.9822	  5.4221	-47.1302	-26.9742
  5.9800	447.7275	-106.0809	169.7060	  5.1442	-47.0645	-27.0799
  5.9900	447.7786	-106.5616	169.4287	  4.8664	-46.9986	-27.1853
  6.0000	447.8269	-107.0415	169.1503	  4.5887	-46.9323	-27.2905
  6.0100	447.8724	-107.5209	168.8709	  4.3110	-46.8658	-27.3955
  6.0200	447.9150	-107.9995	168.5903	  4.0334	-46.7990	-27.5003
  6.0300	447.9548	-108.4774	168.3088	  3.7559	-46.7319	-27.6049
  6.0400	447.9918	-108.9547	168.0261	  3.4783	-46.6646	-27.7093
  6.0500	448.0259	-109.4312	167.7424	  3.2008	-46.5970	-27.8135
  6.0600	448.0572	-109.9071	167.4576	  2.9234	-46.5290	-27.9175
  6.0700	448.0857	-110.3823	167.1717	  2.6460	-46.4608	-28.0213
  6.0800	448.1113	-110.8568	166.8848	  2.3686	-46.3924	-28.1250
  6.0900	448.1341	-111.3306	166.5969	  2.0913	-46.3236	-28.2284
  6.1000	448.1541	-111.8036	166.3078	  1.8140	-46.2546	-28.3316
  6.1100	448.1712	-112.2760	166.0178	  1.5367	-46.1853	-28.4346
  6.1200	448.1855	-112.7477	165.7266	  1.2595	-46.1157	-28.5374
  6.1300	448.1969	-113.2186	165.4345	  0.9822	-46.0458	-28.6401
  6.1400	448.2056	-113.6888	165.1412	  0.7050	-45.9756	-28.7425
  6.1500	448.2113	-114.1583	164.8470	  0.4279	-45.9052	-28.8448
  6.1600	448.2143	-114.6271	164.5517	  0.1507	-45.8344	-28.9468
  6.1700	448.2144	-115.0952	164.2553	 -0.1264	-45.7634	-29.0487
  6.1800	448.2117	-115.5625	163.9579	 -0.4035	-45.6921	-29.1504
  6.1900	448.2062	-116.0291	163.6595	 -0.6807	-45.6205	-29.2519
  6.2000	448.1978	-116.4950	163.3600	 -0.9578	-45.5486	-29.3532
  6.2100	448.1866	-116.9602	163.0595	 -1.2348	-45.4765	-29.4543
  6.2200	448.1726	-117.4246	162.7579	 -1.5119	-45.4040	-29.5553
  6.2300	448.1557	-117.8882	162.4554	 -1.7890	-45.3313	-29.6560
  6.2400	448.1360	-118.3511	162.1518	 -2.0661	-45.2582	-29.7566
  6.2500	448.1135	-118.8133	161.8472	 -2.3432	-45.1849	-29.8570
  6.2600	448.0881	-119.2747	161.5415	 -2.6203	-45.1113	-29.9572
  6.2700	448.0599	-119.7354	161.2348	 -2.8973	-45.0374	-30.0572
  6.2800	448.0289	-120.1953	160.9271	 -3.1744	-44.9632	-30.1571
  6.2900	447.9950	-120.6544	160.6184	 -3.4515	-44.8887	-30.2567
  6.3000	447.9583	-121.1128	160.3087	 -3.7287	-44.8140	-30.3562
  6.3100	447.9188	-121.5704	159.9979	 -4.0058	-44.7389	-30.4555
  6.3200	447.8764	-122.0273	159.6862	 -4.2829	-44.6635	-30.5546
  6.3300	447.8313	-122.4833	159.3734	 -4.5601	-44.5879	-30.6536
  6.3400	447.7832	-122.9386	159.0596	 -4.8373	-44.5119	-30.7523
  6.3500	447.7324	-123.3931	158.7448	 -5.1145	-44.4357	-30.8509
  6.3600	447.6787	-123.8469	158.4290	 -5.3917	-44.3591	-30.9494
  6.3700	447.6222	-124.2998	158.1122	 -5.6689	-44.2823	-31.0476
  6.3800	447.5628	-124.7520	157.7944	 -5.9462	-44.2051	-31.1457
  6.3900	447.5006	-125.2034	157.4756	 -6.2235	-44.1277	-31.2436
  6.4000	447.4356	-125.6540	157.1558	 -6.5009	-44.0499	-31.3413
  6.4100	447.3678	-126.1038	156.8350	 -6.7783	-43.9719	-31.4389
  6.4200	447.2971	-126.5528	156.5132	 -7.0557	-43.8936	-31.5362
  6.4300	447.2235	-127.0010	156.1904	 -7.3331	-43.8149	-31.6335
  6.4400	447.1472	-127.4483	155.8666	 -7.6106	-43.7360	-31.7305
  6.4500	447.0680	-127.8949	155.5418	 -7.8882	-43.6567	-31.8274
  6.4600	446.9859	-128.3407	155.2161	 -8.1658	-43.5771	-31.9241
  6.4700	446.9011	-128.7856	154.8893	 -8.4434	-43.4973	-32.0206
  6.4800	446.8134	-129.2298	154.5616	 -8.7211	-43.4171	-32.1170
  6.4900	446.7228	-129.6731	154.2328	 -8.9988	-43.3366	-32.2132
  6.5000	446.6294	-130.1156	153.9031	 -9.2766	-43.2559	-32.3092
  6.5100	446.5332	-130.5572	153.5724	 -9.5545	-43.1748	-32.4051
  6.5200	446.4341	-130.9981	153.2408	 -9.8324	-43.0934	-32.5008
  6.5300	446.3322	-131.4381	152.9081	-10.1103	-43.0117	-32.5964
  6.5400	446.2275	-131.8772	152.5745	-10.3884	-42.9296	-32.6917
  6.5500	446.1199	-132.3155	152.2399	-10.6665	-42.8473	-32.7870
  6.5600	446.0095	-132.7530	151.9043	-10.9446	-42.7647	-32.8820
  6.5700	445.8962	-133.1896	151.5678	-11.2229	-42.6817	-32.9769
  6.5800	445.7801	-133.6254	151.2303	-11.5012	-42.5984	-33.0716
  6.5900	445.6611	-134.0604	150.8918	-11.7796	-42.5148	-33.1662
  6.6000	445.5393	-134.4944	150.5524	-12.0580	-42.4309	-33.2606
  6.6100	445.4146	-134.9276	150.2120	-12.3366	-42.3467	-33.3549
  6.6200	445.2871	-135.3600	149.8706	-12.6152	-42.2621	-33.4490
  6.6300	445.1568	-135.7915	149.5283	-12.8939	-42.1773	-33.5429
  6.6400	445.0236	-136.2221	149.1850	-13.1727	-42.0921	-33.6367
  6.6500	444.8875	-136.6518	148.8407	-13.4515	-42.0066	-33.7303
  6.6600	444.7486	-137.0807	148.4955	-13.7305	-41.9207	-33.8238
  6.6700	444.6069	-137.5087	148.1494	-14.0096	-41.8346	-33.9171
  6.6800	444.4623	-137.9358	147.8023	-14.2887	-41.7481	-34.0102
  6.6900	444.3148	-138.3620	147.4542	-14.5680	-41.6613	-34.1032
  6.7000	444.1645	-138.7874	147.1052	-14.8473	-41.5741	-34.1960
  6.7100	444.0113	-139.2118	146.7552	-15.1268	-41.4867	-34.2887
  6.7200	443.8553	-139.6353	146.4043	-15.4063	-41.3989	-34.3813
  6.7300	443.6964	-140.0580	146.0525	-15.6860	-41.3107	-34.4736
  6.7400	443.5347	-140.4797	145.6997	-15.9658	-41.2223	-34.5659
  6.7500	443.3701	-140.9006	145.3460	-16.2456	-41.1335	-34.6579
  6.7600	443.2026	-141.3205	144.9913	-16.5256	-41.0443	-34.7498
  6.7700	443.0323	-141.7395	144.6357	-16.8057	-40.9549	-34.8416
  6.7800	442.8591	-142.1576	144.2791	-17.0860	-40.8651	-34.9332
  6.7900	442.6831	-142.5748	143.9216	-17.3663	-40.7749	-35.0247
  6.8000	442.5041	-142.9911	143.5632	-17.6468	-40.6845	-35.1160
  6.8100	442.3224	-143.4064	143.2039	-17.9274	-40.5936	-35.2072
  6.8200	442.1377	-143.8208	142.8436	-18.2081	-40.5025	-35.2982
  6.8300	441.9502	-144.2343	142.4824	-18.4889	-40.4110	-35.3891
  6.8400	441.7598	-144.6468	142.1202	-18.7699	-40.3191	-35.4798
  6.8500	441.5665	-145.0584	141.7572	-19.0510	-40.2269	-35.5703
  6.8600	441.3704	-145.4690	141.3932	-19.3323	-40.1344	-35.6608
  6.8700	441.1714	-145.8787	141.0283	-19.6137	-40.0415	-35.7510
  6.8800	440.9695	-146.2875	140.6624	-19.8952	-39.9482	-35.8412
  6.8900	440.7647	-146.6953	140.2957	-20.1768	-39.8547	-35.9311
  6.9000	440.5571	-147.1021	139.9280	-20.4587	-39.7607	-36.0210
  6.9100	440.3465	-147.5080	139.5594	-20.7406	-39.6664	-36.1107
  6.9200	440.1331	-147.9129	139.1899	-21.0227	-39.5718	-36.2002
  6.9300	439.9168	-148.3168	138.8195	-21.3050	-39.4767	-36.2896
  6.9400	439.6977	-148.7198	138.4481	-21.5874	-39.3814	-36.3789
  6.9500	439.4756	-149.1218	138.0759	-21.8700	-39.2856	-36.4680
  6.9600	439.2506	-149.5228	137.7027	-22.1527	-39.1896	-36.5569
  6.9700	439.0228	-149.9228	137.3287	-22.4356	-39.0931	-36.6458
  6.9800	438.7920	-150.3218	136.9537	-22.7187	-38.9963	-36.7344
  6.9900	438.5584	-150.7199	136.5778	-23.0019	-38.8991	-36.8230
  7.0000	438.3219	-151.1169	136.2010	-23.2853	-38.8015	-36.9114
  7.0100	438.0825	-151.5130	135.8233	-23.5689	-38.7036	-36.9996
  7.0200	437.8401	-151.9080	135.4448	-23.8526	-38.6053	-37.0877
  7.0300	437.5949	-152.3021	135.0653	-24.1365	-38.5067	-37.1757
  7.0400	437.3468	-152.6951	134.6849	-24.4206	-38.4076	-37.2635
  7.0500	437.0958	-153.0871	134.3036	-24.7049	-38.3082	-37.3512
  7.0600	436.8418	-153.4781	133.9214	-24.9894	-38.2085	-37.4387
  7.0700	436.5850	-153.8681	133.5384	-25.2740	-38.1083	-37.5261
  7.0800	436.3252	-154.2571	133.1544	-25.5589	-38.0077	-37.6134
  7.0900	436.0625	-154.6450	132.7695	-25.8439	-37.9068	-37.7005
  7.1000	435.7970	-155.0319	132.3838	-26.1291	-37.8055	-37.7875
  7.1100	435.5285	-155.4177	131.9972	-26.4145	-37.7038	-37.8743
  7.1200	435.2571	-155.8025	131.6096	-26.7002	-37.6017	-37.9610
  7.1300	434.9827	-156.1863	131.2212	-26.9860	-37.4993	-38.0476
  7.1400	434.7055	-156.5690	130.8320	-27.2720	-37.3964	-38.1340
  7.1500	434.4253	-156.9507	130.4418	-27.5582	-37.2932	-38.2203
  7.1600	434.1422	-157.3313	130.0507	-27.8447	-37.1895	-38.3064
  7.1700	433.8561	-157.7108	129.6588	-28.1313	-37.0855	-38.3924
  7.1800	433.5672	-158.0893	129.2660	-28.4182	-36.9810	-38.4783
  7.1900	433.2753	-158.4667	128.8723	-28.7053	-36.8762	-38.5640
  7.2000	432.9804	-158.8431	128.4777	-28.9926	-36.7709	-38.6496
  7.2100	432.6826	-159.2183	128.0823	-29.2801	-36.6653	-38.7351
  7.2200	432.3819	-159.5925	127.6860	-29.5679	-36.5593	-38.8204
  7.2300	432.0783	-159.9656	127.2888	-29.8558	-36.4528	-38.9056
  7.2400	431.7717	-160.3376	126.8908	-30.1441	-36.3459	-38.9906
  7.2500	431.4621	-160.7085	126.4919	-30.4325	-36.2387	-39.0755
  7.2600	431.1496	-161.0783	126.0921	-30.7212	-36.1310	-39.1603
  7.2700	430.8342	-161.4470	125.6914	-31.0101	-36.0229	-39.2449
  7.2800	430.5158	-161.8146	125.2899	-31.2992	-35.9144	-39.3294
  7.2900	430.1944	-162.1811	124.8875	-31.5886	-35.8054	-39.4138
  7.3000	429.8701	-162.5465	124.4843	-31.8783	-35.6961	-39.4980
  7.3100	429.5428	-162.9107	124.0802	-32.1682	-35.5863	-39.5821
  7.3200	429.2126	-163.2738	123.6752	-32.4583	-35.4761	-39.6660
  7.3300	428.8794	-163.6358	123.2694	-32.7487	-35.3654	-39.7498
  7.3400	428.5432	-163.9967	122.8627	-33.0394	-35.2544	-39.8335
  7.3500	428.2041	-164.3564	122.4552	-33.3303	-35.1429	-39.9171
  7.3600	427.8619	-164.7150	122.0468	-33.6215	-35.0310	-40.0005
  7.3700	427.5168	-165.0725	121.6376	-33.9129	-34.9186	-40.0837
  7.3800	427.1688	-165.4288	121.2275	-34.2046	-34.8058	-40.1669
  7.3900	426.8177	-165.7839	120.8166	-34.4966	-34.6925	-40.2499
  7.4000	426.4637	-166.1379	120.4048	-34.7888	-34.5789	-40.3327
  7.4100	426.1066	-166.4907	119.9922	-35.0814	-34.4647	-40.4155
  7.4200	425.7466	-166.8423	119.5787	-35.3742	-34.3502	-40.4981
  7.4300	425.3836	-167.1928	119.1644	-35.6673	-34.2351	-40.5805
  7.4400	425.0175	-167.5421	118.7493	-35.9606	-34.1196	-40.6629
  7.4500	424.6485	-167.8902	118.3333	-36.2543	-34.0037	-40.7451
  7.4600	424.2765	-168.2371	117.9164	-36.5483	-33.8873	-40.8271
  7.4700	423.9015	-168.5829	117.4988	-36.8425	-33.7705	-40.9090
  7.4800	423.5234	-168.9274	117.0803	-37.1371	-33.6532	-40.9908
  7.4900	423.1424	-169.2707	116.6609	-37.4319	-33.5354	-41.0725
  7.5000	422.7583	-169.6129	116.2407	-37.7271	-33.4171	-41.1540
  7.5100	422.3713	-169.9538	115.8197	-38.0225	-33.2984	-41.2354
  7.5200	421.9812	-170.2935	115.3979	-38.3183	-33.1793	-41.3166
  7.5300	421.5880	-170.6320	114.9752	-38.6143	-33.0596	-41.3977
  7.5400	421.1919	-170.9692	114.5517	-38.9107	-32.9395	-41.4787
  7.5500	420.7927	-171.3052	114.1274	-39.2074	-32.8188	-41.5595
  7.5600	420.3905	-171.6400	113.7022	-39.5045	-32.6978	-41.6402
  7.5700	419.9852	-171.9736	113.2763	-39.8018	-32.5762	-41.7208
  7.5800	419.5769	-172.3059	112.8495	-40.0995	-32.4541	-41.8012
  7.5900	419.1656	-172.6369	112.4219	-40.3975	-32.3315	-41.8815
  7.6000	418.7512	-172.9667	111.9934	-40.6958	-32.2085	-41.9617
  7.6100	418.3338	-173.2953	111.5642	-40.9945	-32.0849	-42.0417
  7.6200	417.9133	-173.6226	111.1341	-41.2935	-31.9609	-42.1216
  7.6300	417.4897	-173.9486	110.7032	-41.5929	-31.8363	-42.2014
  7.6400	417.0631	-174.2733	110.2715	-41.8926	-31.7113	-42.2810
  7.6500	416.6334	-174.5967	109.8390	-42.1926	-31.5857	-42.3604
  7.6600	416.2007	-174.9189	109.4056	-42.4931	-31.4597	-42.4398
  7.6700	415.7649	-175.2398	108.9715	-42.7938	-31.3331	-42.5190
  7.6800	415.3260	-175.5593	108.5366	-43.0949	-31.2060	-42.5981
  7.6900	414.8840	-175.8776	108.1008	-43.3964	-31.0784	-42.6770
  7.7000	414.4390	-176.1946	107.6642	-43.6983	-30.9502	-42.7558
  7.7100	413.9908	-176.5102	107.2269	-44.0005	-30.8216	-42.8344
  7.7200	413.5396	-176.8246	106.7887	-44.3030	-30.6924	-42.9130
  7.7300	413.0853	-177.1376	106.3497	-44.6060	-30.5626	-42.9913
  7.7400	412.6278	-177.4493	105.9100	-44.9093	-30.4324	-43.0696
  7.7500	412.1673	-177.7596	105.4694	-45.2131	-30.3016	-43.1477
  7.7600	411.7037	-178.0686	105.0280	-45.5172	-30.1702	-43.2257
  7.7700	411.2369	-178.3763	104.5859	-45.8217	-30.0383	-43.3035
  7.7800	410.7671	-178.6826	104.1429	-46.1265	-29.9059	-43.3812
  7.7900	410.2941	-178.9876	103.6991	-46.4318	-29.7729	-43.4587
  7.8000	409.8180	-179.2912	103.2546	-46.7375	-29.6394	-43.5361
  7.8100	409.3388	-179.5934	102.8093	-47.0436	-29.5053	-43.6134
  7.8200	408.8564	-179.8943	102.3631	-47.3501	-29.3706	-43.6905
  7.8300	408.3710	-180.1937	101.9162	-47.6569	-29.2354	-43.7675
  7.8400	407.8823	-180.4918	101.4685	-47.9643	-29.0996	-43.8444
  7.8500	407.3906	-180.7885	101.0201	-48.2720	-28.9632	-43.9211
  7.8600	406.8956	-181.0838	100.5708	-48.5801	-28.8263	-43.9976
  7.8700	406.3976	-181.3777	100.1207	-48.8887	-28.6888	-44.0740
  7.8800	405.8964	-181.6702	 99.6699	-49.1977	-28.5507	-44.1503
  7.8900	405.3920	-181.9613	 99.2183	-49.5071	-28.4120	-44.2264
  7.9000	404.8844	-182.2510	 98.7659	-49.8170	-28.2727	-44.3024
  7.9100	404.3737	-182.5392	 98.3128	-50.1273	-28.1328	-44.3783
  7.9200	403.8598	-182.8260	 97.8588	-50.4380	-27.9924	-44.4540
  7.9300	403.3428	-183.1114	 97.4041	-50.7492	-27.8513	-44.5295
  7.9400	402.8225	-183.3953	 96.9487	-51.0608	-27.7096	-44.6049
  7.9500	402.2991	-183.6777	 96.4924	-51.3729	-27.5673	-44.6802
  7.9600	401.7724	-183.9587	 96.0354	-51.6855	-27.4244	-44.7553
  7.9700	401.2426	-184.2383	 95.5776	-51.9985	-27.2809	-44.8303
  7.9800	400.7096	-184.5164	 95.1191	-52.3119	-27.1368	-44.9051
  7.9900	400.1734	-184.7930	 94.6598	-52.6259	-26.9920	-44.9798
  8.0000	399.6339	-185.0681	 94.1997	-52.9403	-26.8466	-45.0543
  8.0100	399.0913	-185.3417	 93.7388	-53.2552	-26.7006	-45.1287
  8.0200	398.5454	-185.6138	 93.2772	-53.5705	-26.5539	-45.2029
  8.0300	397.9963	-185.8845	 92.8149	-53.8864	-26.4066	-45.2770
  8.0400	397.4439	-186.1536	 92.3518	-54.2027	-26.2586	-45.3510
  8.0500	396.8884	-186.4212	 91.8879	-54.5196	-26.1100	-45.4247
  8.0600	396.3296	-186.6873	 91.4233	-54.8369	-25.9608	-45.4984
  8.0700	395.7675	-186.9518	 90.9579	-55.1547	-25.8109	-45.5718
  8.0800	395.2022	-187.2148	 90.4918	-55.4731	-25.6603	-45.6452
  8.0900	394.6336	-187.4763	 90.0250	-55.7919	-25.5090	-45.7183
  8.1000	394.0618	-187.7362	 89.5573	-56.1113	-25.3571	-45.7913
  8.1100	393.4867	-187.9946	 89.0890	-56.4311	-25.2045	-45.8642
  8.1200	392.9084	-188.2514	 88.6199	-56.7515	-25.0512	-45.9369
  8.1300	392.3267	-188.5066	 88.1500	-57.0725	-24.8972	-46.0094
  8.1400	391.7418	-188.7603	 87.6794	-57.3939	-24.7425	-46.0818
  8.1500	391.1536	-189.0124	 87.2081	-57.7159	-24.5872	-46.1541
  8.1600	390.5621	-189.2629	 86.7361	-58.0384	-24.4311	-46.2261
  8.1700	389.9673	-189.5117	 86.2633	-58.3615	-24.2743	-46.2980
  8.1800	389.3692	-189.7590	 85.7897	-58.6851	-24.1168	-46.3698
  8.1900	388.7677	-190.0047	 85.3155	-59.0093	-23.9586	-46.4414
  8.2000	388.1630	-190.2487	 84.8405	-59.3340	-23.7997	-46.5128
  8.2100	387.5550	-190.4912	 84.3647	-59.6593	-23.6400	-46.5841
  8.2200	386.9436	-190.7319	 83.8883	-59.9852	-23.4796	-46.6552
  8.2300	386.3289	-190.9711	 83.4111	-60.3116	-23.3185	-46.7261
  8.2400	385.7108	-191.2086	 82.9332	-60.6386	-23.1566	-46.7969
  8.2500	385.0894	-191.4444	 82.4546	-60.9662	-22.9940	-46.8675
  8.2600	384.4646	-191.6786	 81.9752	-61.2943	-22.8306	-46.9379
  8.2700	383.8365	-191.9110	 81.4952	-61.6231	-22.6665	-47.0081
  8.2800	383.2051	-192.1419	 81.0144	-61.9524	-22.5016	-47.0782
  8.2900	382.5702	-192.3710	 80.5329	-62.2824	-22.3359	-47.1482
  8.3000	381.9320	-192.5984	 80.0507	-62.6129	-22.1695	-47.2179
  8.3100	381.2904	-192.8241	 79.5678	-62.9441	-22.0022	-47.2875
  8.3200	380.6454	-193.0481	 79.0841	-63.2758	-21.8342	-47.3569
  8.3300	379.9971	-193.2704	 78.5998	-63.6082	-21.6654	-47.4261
  8.3400	379.3453	-193.4910	 78.1147	-63.9412	-21.4958	-47.4952
  8.3500	378.6901	-193.7098	 77.6290	-64.2749	-21.3254	-47.5640
  8.3600	378.0315	-193.9268	 77.1425	-64.6091	-21.1541	-47.6327
  8.3700	377.3695	-194.1422	 76.6554	-64.9440	-20.9821	-47.7012
  8.3800	376.7040	-194.3557	 76.1675	-65.2796	-20.8092	-47.7696
  8.3900	376.0352	-194.5675	 75.6790	-65.6158	-20.6355	-47.8377
  8.4000	375.3628	-194.7775	 75.1897	-65.9526	-20.4609	-47.9057
  8.4100	374.6871	-194.9857	 74.6998	-66.2902	-20.2856	-47.9735
  8.4200	374.0079	-195.1921	 74.2091	-66.6283	-20.1093	-48.0411
  8.4300	373.3252	-195.3967	 73.7178	-66.9672	-19.9322	-48.1085
  8.4400	372.6391	-195.5995	 73.2258	-67.3067	-19.7543	-48.1757
  8.4500	371.9494	-195.8005	 72.7331	-67.6469	-19.5754	-48.2427
  8.4600	371.2564	-195.9997	 72.2397	-67.9878	-19.3957	-48.3095
  8.4700	370.5598	-196.1970	 71.7457	-68.3294	-19.2151	-48.3762
  8.4800	369.8597	-196.3924	 71.2509	-68.6716	-19.0337	-48.4426
  8.4900	369.1561	-196.5860	 70.7555	-69.0146	-18.8513	-48.5089
  8.5000	368.4490	-196.7777	 70.2594	-69.3583	-18.6680	-48.5749
  8.5100	367.7384	-196.9676	 69.7626	-69.7027	-18.4838	-48.6408
  8.5200	367.0243	-197.1555	 69.2652	-70.0478	-18.2987	-48.7064
  8.5300	366.3067	-197.3416	 68.7671	-70.3937	-18.1126	-48.7719
  8.5400	365.5855	-197.5257	 68.2683	-70.7402	-17.9256	-48.8371
  8.5500	364.8607	-197.7080	 67.7688	-71.0875	-17.7377	-48.9021
  8.5600	364.1324	-197.8883	 67.2687	-71.4356	-17.5489	-48.9670
  8.5700	363.4006	-198.0667	 66.7679	-71.7844	-17.3590	-49.0316
  8.5800	362.6652	-198.2431	 66.2665	-72.1339	-17.1682	-49.0960
  8.5900	361.9262	-198.4176	 65.7644	-72.4842	-16.9765	-49.1602
  8.6000	361.1836	-198.5901	 65.2617	-72.8353	-16.7837	-49.2242
  8.6100	360.4374	-198.7606	 64.7583	-73.1872	-16.5900	-49.2879
  8.6200	359.6876	-198.9292	 64.2542	-73.5398	-16.3952	-49.3515
  8.6300	358.9342	-199.0958	 63.7495	-73.8932	-16.1995	-49.4148
  8.6400	358.1772	-199.2603	 63.2442	-74.2474	-16.0027	-49.4779
  8.6500	357.4166	-199.4228	 62.7382	-74.6024	-15.8049	-49.5407
  8.6600	356.6524	-199.5834	 62.2316	-74.9582	-15.6061	-49.6034
  8.6700	355.8845	-199.7418	 61.7243	-75.3149	-15.4062	-49.6658
  8.6800	355.1129	-199.8983	 61.2164	-75.6723	-15.2053	-49.7280
  8.6900	354.3377	-200.0526	 60.7079	-76.0306	-15.0034	-49.7899
  8.7000	353.5589	-200.2049	 60.1987	-76.3896	-14.8003	-49.8516
  8.7100	352.7763	-200.3551	 59.6889	-76.7496	-14.5962	-49.9131
  8.7200	351.9901	-200.5033	 59.1785	-77.1103	-14.3910	-49.9743
  8.7300	351.2002	-200.6493	 58.6674	-77.4720	-14.1847	-50.0353
  8.7400	350.4066	-200.7932	 58.1558	-77.8344	-13.9773	-50.0960
  8.7500	349.6092	-200.9350	 57.6435	-78.1978	-13.7688	-50.1565
  8.7600	348.8082	-201.0746	 57.1306	-78.5620	-13.5592	-50.2168
  8.7700	348.0034	-201.2121	 56.6171	-78.9271	-13.3484	-50.2768
  8.7800	347.1949	-201.3475	 56.1029	-79.2930	-13.1365	-50.3365
  8.7900	346.3827	-201.4806	 55.5882	-79.6599	-12.9234	-50.3960
  8.8000	345.5667	-201.6116	 55.0728	-80.0277	-12.7092	-50.4552
  8.8100	344.7469	-201.7404	 54.5569	-80.3964	-12.4937	-50.5141
  8.8200	343.9234	-201.8670	 54.0403	-80.7659	-12.2771	-50.5728
  8.8300	343.0960	-201.9913	 53.5232	-81.1364	-12.0593	-50.6312
  8.8400	342.2649	-202.1135	 53.0054	-81.5079	-11.8403	-50.6894
  8.8500	341.4300	-202.2333	 52.4871	-81.8803	-11.6201	-50.7472
  8.8600	340.5913	-202.3510	 51.9681	-82.2536	-11.3987	-50.8048
  8.8700	339.7487	-202.4663	 51.4486	-82.6278	-11.1760	-50.8621
  8.8800	338.9024	-202.5794	 50.9285	-83.0031	-10.9520	-50.9192
  8.8900	338.0522	-202.6902	 50.4078	-83.3793	-10.7268	-50.9759
  8.9000	337.1981	-202.7986	 49.8866	-83.7564	-10.5003	-51.0323
  8.9100	336.3402	-202.9048	 49.3647	-84.1346	-10.2725	-51.0885
  8.9200	335.4784	-203.0086	 48.8423	-84.5137	-10.0434	-51.1443
  8.9300	334.6127	-203.1101	 48.3194	-84.8939	 -9.8131	-51.1999
  8.9400	333.7431	-203.2092	 47.7958	-85.2750	 -9.5813	-51.2551
  8.9500	332.8697	-203.3059	 47.2717	-85.6572	 -9.3483	-51.3100
  8.9600	331.9923	-203.4003	 46.7470	-86.0404	 -9.1139	-51.3647
  8.9700	331.1110	-203.4922	 46.2218	-86.4246	 -8.8781	-51.4190
  8.9800	330.2258	-203.5817	 45.6960	-86.8098	 -8.6410	-51.4730
  8.9900	329.3366	-203.6688	 45.1697	-87.1961	 -8.4025	-51.5266
  9.0000	328.4435	-203.7535	 44.6428	-87.5835	 -8.1625	-51.5799
  9.0100	327.5464	-203.8356	 44.1154	-87.9719	 -7.9212	-51.6330
  9.0200	326.6453	-203.9154	 43.5875	-88.3615	 -7.6784	-51.6856
  9.0300	325.7403	-203.9926	 43.0590	-88.7520	 -7.4342	-51.7380
  9.0400	324.8312	-204.0673	 42.5299	-89.1437	 -7.1885	-51.7899
  9.0500	323.9182	-204.1395	 42.0004	-89.5365	 -6.9414	-51.8416
  9.0600	323.0011	-204.2092	 41.4703	-89.9304	 -6.6927	-51.8929
  9.0700	322.0800	-204.2763	 40.9397	-90.3254	 -6.4426	-51.9438
  9.0800	321.1548	-204.3409	 40.4086	-90.7216	 -6.1909	-51.9944
  9.0900	320.2256	-204.4028	 39.8769	-91.1189	 -5.9377	-52.0446
  9.1000	319.2924	-204.4622	 39.3448	-91.5173	 -5.6830	-52.0944
  9.1100	318.3550	-204.5190	 38.8121	-91.9169	 -5.4267	-52.1438
  9.1200	317.4136	-204.5731	 38.2790	-92.3176	 -5.1689	-52.1929
  9.1300	316.4680	-204.6246	 37.7453	-92.7196	 -4.9094	-52.2416
  9.1400	315.5184	-204.6735	 37.2111	-93.1227	 -4.6483	-52.2899
  9.1500	314.5646	-204.7196	 36.6765	-93.5270	 -4.3856	-52.3378
  9.1600	313.6067	-204.7631	 36.1414	-93.9325	 -4.1213	-52.3853
  9.1700	312.6446	-204.8039	 35.6057	-94.3393	 -3.8553	-52.4324
  9.1800	311.6784	-204.8419	 35.0696	-94.7472	 -3.5876	-52.4791
  9.1900	310.7080	-204.8772	 34.5331	-95.1564	 -3.3182	-52.5253
  9.2000	309.7334	-204.9097	 33.9960	-95.5669	 -3.0471	-52.5712
  9.2100	308.7546	-204.9395	 33.4585	-95.9786	 -2.7743	-52.6166
  9.2200	307.7716	-204.9664	 32.9205	-96.3916	 -2.4997	-52.6616
  9.2300	306.7843	-204.9905	 32.3821	-96.8058	 -2.2233	-52.7061
  9.2400	305.7929	-205.0118	 31.8432	-97.2214	 -1.9452	-52.7502
  9.2500	304.7971	-205.0303	 31.3039	-97.6382	 -1.6653	-52.7938
  9.2600	303.7971	-205.0459	 30.7641	-98.0564	 -1.3835	-52.8370
  9.2700	302.7928	-205.0586	 30.2239	-98.4759	 -1.0999	-52.8797
  9.2800	301.7843	-205.0683	 29.6833	-98.8967	 -0.8144	-52.9219
  9.2900	300.7714	-205.0752	 29.1422	-99.3189	 -0.5271	-52.9637
  9.3000	299.7542	-205.0791	 28.6007	-99.7424	 -0.2378	-53.0050
  9.3100	298.7326	-205.0801	 28.0588	-100.1673	  0.0534	-53.0457
  9.3200	297.7068	-205.0780	 27.5164	-100.5936	  0.3465	-53.0860
  9.3300	296.6765	-205.0730	 26.9737	-101.0212	  0.6416	-53.1258
  9.3400	295.6419	-205.0649	 26.4306	-101.4503	  0.9387	-53.1650
  9.3500	294.6029	-205.0538	 25.8870	-101.8808	  1.2378	-53.2037
  9.3600	293.5594	-205.0396	 25.3431	-102.3127	  1.5390	-53.2419
  9.3700	292.5116	-205.0223	 24.7988	-102.7460	  1.8422	-53.2795
  9.3800	291.4593	-205.0019	 24.2540	-103.1808	  2.1474	-53.3166
  9.3900	290.4026	-204.9784	 23.7090	-103.6171	  2.4548	-53.3532
  9.4000	289.3413	-204.9517	 23.1635	-104.0548	  2.7644	-53.3892
  9.4100	288.2757	-204.9219	 22.6177	-104.4941	  3.0760	-53.4246
  9.4200	287.2055	-204.8888	 22.0715	-104.9348	  3.3899	-53.4594
  9.4300	286.1308	-204.8526	 21.5250	-105.3770	  3.7059	-53.4936
  9.4400	285.0516	-204.8131	 20.9781	-105.8208	  4.0242	-53.5272
  9.4500	283.9678	-204.7703	 20.4309	-106.2661	  4.3448	-53.5603
  9.4600	282.8795	-204.7243	 19.8833	-106.7130	  4.6676	-53.5926
  9.4700	281.7866	-204.6749	 19.3355	-107.1615	  4.9927	-53.6244
  9.4800	280.6891	-204.6222	 18.7873	-107.6115	  5.3202	-53.6555
  9.4900	279.5870	-204.5661	 18.2387	-108.0631	  5.6500	-53.6860
  9.5000	278.4803	-204.5067	 17.6899	-108.5163	  5.9823	-53.7158
  9.5100	277.3689	-204.4438	 17.1408	-108.9712	  6.3169	-53.7450
  9.5200	276.2529	-204.3776	 16.5914	-109.4277	  6.6540	-53.7734
  9.5300	275.1322	-204.3078	 16.0417	-109.8858	  6.9936	-53.8012
  9.5400	274.0068	-204.2346	 15.4917	-110.3456	  7.3357	-53.8282
  9.5500	272.8767	-204.1579	 14.9414	-110.8071	  7.6803	-53.8546
  9.5600	271.7419	-204.0776	 14.3909	-111.2703	  8.0275	-53.8802
  9.5700	270.6024	-203.9938	 13.8401	-111.7352	  8.3773	-53.9051
  9.5800	269.4580	-203.9064	 13.2891	-112.2018	  8.7297	-53.9292
  9.5900	268.3089	-203.8153	 12.7378	-112.6702	  9.0848	-53.9525
  9.6000	267.1550	-203.7207	 12.1863	-113.1403	  9.4426	-53.9751
  9.6100	265.9963	-203.6223	 11.6346	-113.6122	  9.8032	-53.9969
  9.6200	264.8328	-203.5203	 11.0826	-114.0859	 10.1665	-54.0178
  9.6300	263.6644	-203.4145	 10.5304	-114.5614	 10.5326	-54.0380
  9.6400	262.4912	-203.3050	  9.9781	-115.0387	 10.9015	-54.0573
  9.6500	261.3130	-203.1916	  9.4255	-115.5178	 11.2734	-54.0758
  9.6600	260.1300	-203.0745	  8.8728	-115.9988	 11.6481	-54.0934
  9.6700	258.9420	-202.9535	  8.3199	-116.4816	 12.0258	-54.1101
  9.6800	257.7491	-202.8287	  7.7668	-116.9663	 12.4065	-54.1259
  9.6900	256.5512	-202.6999	  7.2135	-117.4530	 12.7902	-54.1409
  9.7000	255.3483	-202.5672	  6.6601	-117.9415	 13.1770	-54.1548
  9.7100	254.1405	-202.4306	  6.1066	-118.4320	 13.5668	-54.1679
  9.7200	252.9276	-202.2899	  5.5529	-118.9244	 13.9599	-54.1800
  9.7300	251.7096	-202.1452	  4.9992	-119.4188	 14.3561	-54.1911
  9.7400	250.4866	-201.9965	  4.4453	-119.9152	 14.7555	-54.2012
  9.7500	249.2586	-201.8436	  3.8913	-120.4135	 15.1583	-54.2103
  9.7600	248.0254	-201.6866	  3.3372	-120.9139	 15.5643	-54.2183
  9.7700	246.7871	-201.5255	  2.7831	-121.4163	 15.9737	-54.2253
  9.7800	245.5436	-201.3601	  2.2289	-121.9208	 16.3866	-54.2312
  9.7900	244.2950	-201.1905	  1.6746	-122.4274	 16.8029	-54.2360
  9.8000	243.0412	-201.0166	  1.1203	-122.9360	 17.2226	-54.2396
  9.8100	241.7822	-200.8384	  0.5660	-123.4468	 17.6460	-54.2419
  9.8200	240.5179	-200.6559	  0.0116	-123.9596	 18.0729	-54.2428
  9.8300	239.2484	-200.4690	 -0.5428	-124.4747	 18.5035	-54.2420
  9.8400	237.9737	-200.2777	 -1.0971	-124.9918	 18.9378	-54.2396
  9.8500	236.6936	-200.0819	 -1.6514	-125.5112	 19.3759	-54.2359
  9.8600	235.4082	-199.8816	 -2.2057	-126.0327	 19.8177	-54.2309
  9.8700	234.1175	-199.6768	 -2.7599	-126.5565	 20.2634	-54.2245
  9.8800	232.8214	-199.4674	 -3.3140	-127.0825	 20.7130	-54.2168
  9.8900	231.5199	-199.2534	 -3.8681	-127.6107	 21.1666	-54.2077
  9.9000	230.2130	-199.0348	 -4.4220	-128.1412	 21.6243	-54.1973
  9.9100	228.9007	-198.8114	 -4.9759	-128.6740	 22.0860	-54.1855
  9.9200	227.5829	-198.5833	 -5.5296	-129.2091	 22.5518	-54.1722
  9.9300	226.2596	-198.3504	 -6.0831	-129.7466	 23.0218	-54.1575
  9.9400	224.9309	-198.1127	 -6.6365	-130.2864	 23.4962	-54.1413
  9.9500	223.5966	-197.8701	 -7.1898	-130.8285	 23.9748	-54.1236
  9.9600	222.2567	-197.6226	 -7.7428	-131.3731	 24.4578	-54.1044
  9.9700	220.9113	-197.3702	 -8.2957	-131.9200	 24.9453	-54.0836
  9.9800	219.5602	-197.1127	 -8.8483	-132.4694	 25.4374	-54.0612
  9.9900	218.2036	-196.8502	 -9.4007	-133.0212	 25.9340	-54.0372
 10.0000	216.8413	-196.5826	 -9.9528	-133.5755	 26.4353	-54.0115
 10.0100	215.4733	-196.3099	-10.5046	-134.1323	 26.9413	-53.9841
